P1,P2,S10,S25,S33,S35,S37,S39,S40,S41,S46,S47,S5,S53,S55,S6,S64,S7,S70,S8,S9,S117,S118,S112,S113,S114,S115,S123,S127,S201,S202,S203,S73,S100,S101,S102,S106,S107,S108,S122,S124,S126,S109,S110
0 nan nan nan nan nan nan nan nan -0.1551582227085438 nan nan nan nan nan nan nan nan 0.03333333333333333 nan nan 0.2656063576298653 0.24275207811380609 0.26013299085723607 nan 0.08944271909999157 -0.10548742313266138 nan nan 0.047946330148538364
0 nan nan nan nan nan nan nan nan nan nan nan nan nan nan nan nan nan 0.14509525002200235 nan nan 0.32710225430843864 0.2970442628930023 0.3169328455231938 nan nan nan nan nan nan
0 nan nan nan nan nan nan nan nan nan nan nan nan -0.060676298193049746 nan nan nan nan 0.08692009194511788 nan nan 0.26560635762986523 0.24275207811380606 0.26013299085723607 nan nan 0.10548742313266138 nan 0.23352177005566582 0.13456181096394726
0 nan nan nan nan nan nan nan nan nan nan nan nan nan nan nan nan nan nan nan nan nan nan nan nan nan nan nan nan nan
0 nan nan nan nan nan nan nan nan -0.15515822270854374 nan nan nan nan -0.10107973914385382 -0.08596023825918794 nan nan 0.03333333333333336 nan nan 0.22238701440076275 0.20539151725439464 0.22183186968479462 0.033333333333333354 nan nan nan nan nan
0 nan nan nan nan nan nan nan nan -0.15515822270854374 nan nan nan nan -0.10107973914385382 -0.08596023825918794 nan nan 0.047946330148538496 nan nan 0.2270017415356663 0.2093589473396559 0.22587697572631288 nan 0.08944271909999164 nan nan nan nan
0 nan nan nan nan nan nan nan nan -0.15515822270854376 nan nan nan nan -0.1010797391438538 -0.08596023825918789 nan nan -0.0053455420082723784 nan nan 0.18983685209665416 0.1777192254327866 0.19388860302659153 0.03333333333333334 0.08944271909999159 -0.08272115206254475 nan nan -0.05800124961044624
0 0.009841833239741086 -0.014388696076224903 0.06520198622765534 0.04794633014853393 nan -0.021161947784521958 -0.05006010821645331 0.07027283689263064 -0.1804756771240293 -0.1567036118177639 -0.15358807718035408 nan -0.08385254915624195 -0.10107973914384341 -0.08596023825916764 nan nan 0.027575578517391404 -0.14269483796598983 nan 0.32659564984248873 0.2965625751709381 0.31639658107945495 -0.03333333333333387 -0.11489472107912026 0.22048570898591968 nan 0.230726246119495 -0.003568765717604496
0 -0.027379283909670538 -0.05269852865566006 0.04794633014854927 nan nan -0.056783464538994376 -0.08263839171665621 0.07027283689263064 -0.11981482948502618 -0.16448792373994284 -0.15282273953373118 nan -0.04151110570636152 -0.10107973914384341 -0.08596023825916764 nan nan 0.07967913425976009 -0.03333333333332108 nan 0.32541213397070035 0.29553152325624205 0.31532519858593405 -0.033333333333333416 -0.11755688809863206 0.1898085908120238 nan 0.20412414523192968 -0.252043745657409
0 -0.22470830906894512 -0.19786318904284372 0.06896551724137545 0.04794633014853393 0.04532984139116555 -0.20418308024836038 -0.18363847666652502 0.07027283689263061 -0.0499022481958484 -0.2806761616096026 -0.15213739374055457 nan -0.025340831182250508 -0.10048271155052581 -0.0859602382591862 -0.04259177099999484 0.04532984139116555 -0.1779448313806582 -0.16354745091312495 nan -0.08888737721165288 -0.06002583141678374 -0.04106578822646427 0.03333333333333348 0.05543393427699205 0.20134277656441654 nan -0.17310368251573185 -0.22245078448603559
0 nan nan nan nan nan -0.08710914345557072 -0.10944306805772813 nan -0.1545579798539896 nan -0.1546808150454925 nan 0.005057651754396052 -0.10107973914385425 -0.0859602382591882 nan -0.047946330148536206 -0.1661989539668812 -0.24142618758347006 nan -0.27498629834800764 -0.23170291294307976 -0.22007134280649862 0.03333333333333365 0.09604263583685375 nan nan -0.14109089236820935 -0.037123069759316084
0 0.23831729237686833 0.25427381385780384 nan nan nan nan nan 0.07027283689263068 -0.10388692252075445 nan -0.1546678724431748 nan 0.10592277662763216 -0.0977040143515938 -0.08596023825918277 0.04794633014853309 -0.047946330148536206 -0.14728603381473293 -0.08427021767238237 nan -0.28609165882810883 -0.2547948826616811 -0.26674519082479187 0.03333333333333324 0.09634531567386274 -0.18081261841894616 nan 0.07770091574035766 0.08872957681069046
0 nan nan nan nan nan nan nan nan nan nan nan nan nan nan nan nan nan 0.03333333333333336 nan nan 0.1600800600500438 0.13613529495622548 0.13613529495622548 -0.03333333333333335 0.08944271909999164 nan nan nan nan
0 nan nan nan nan nan nan nan nan -0.15515822270854374 nan nan nan nan -0.10107973914385382 -0.08596023825918794 nan nan 0.03333333333333336 nan nan 0.260849760024202 0.23859528671659358 0.2558294291119301 0.033333333333333354 nan nan nan nan 0.033333333333333305
0 nan nan nan nan nan nan nan nan nan nan nan nan -0.07027283689263063 nan nan nan nan -0.05719606504608268 nan nan nan nan nan 0.03333333333333365 nan nan nan nan -0.13087039378419651
0 nan nan nan nan nan nan nan nan nan nan nan nan nan nan nan nan nan nan nan nan nan nan nan nan nan nan nan nan nan
0 nan nan nan nan nan nan nan nan nan nan nan nan nan nan nan nan nan 0.03333333333333336 nan nan nan nan nan nan nan nan nan nan nan
0 nan nan nan nan nan nan nan nan -0.15515822270854376 nan nan nan nan -0.10107973914385386 -0.08596023825918792 nan nan -0.02945877867572602 nan nan 0.2735243815194557 0.24962597630109265 0.26721303901307253 0.03333333333333338 0.08944271909999155 -0.05129886091620546 nan -0.014553277078696377 -0.07761490672674294
0 nan nan nan nan nan nan nan nan nan nan nan nan nan nan nan nan nan 0.03333333333333336 nan nan 0.07027283689263063 0.059761430466719646 0.059761430466719716 0.033333333333333354 nan nan nan nan 0.10672882555802671
0 nan nan nan nan nan nan nan nan nan nan nan nan -0.006573701586952189 nan nan nan nan -0.1162822469676872 0.2773172798697443 nan nan nan nan nan nan nan nan nan -0.06408026367951924
0 nan nan nan nan nan nan nan nan nan nan nan nan 0.14509525002200233 nan nan 0.033333333333333354 nan nan -0.10349097793364018 nan -0.12598815766974242 -0.10714285714285708 -0.1071428571428571 nan nan -0.06792595946961791 nan nan nan
0 nan nan nan nan nan nan nan nan nan nan nan nan nan nan nan nan nan nan 0.3032521275457692 nan -0.12598815766974242 -0.10714285714285708 -0.1071428571428571 nan nan 0.09434510634757261 nan nan -0.0778062443457646
0 nan nan nan nan nan nan nan nan nan nan nan nan nan nan nan nan nan nan nan nan -0.3271022543084387 -0.29704426289300223 -0.3169328455231938 0.033333333333333354 nan nan nan nan -0.05976143046671968
0 nan nan nan nan nan nan nan nan nan nan nan nan -0.05976143046671968 nan nan nan nan nan nan nan nan nan nan 0.033333333333333354 nan nan nan nan -0.0778062443457646
0 nan nan nan nan nan nan nan nan nan nan nan nan 0.05976143046671968 nan nan nan nan nan nan nan nan nan nan -0.03333333333333335 nan nan nan nan 0.0778062443457646
0 nan nan nan nan nan nan nan nan nan nan nan nan nan nan nan nan nan nan nan nan nan nan nan nan nan nan nan nan nan
0 nan nan nan nan nan nan nan nan nan nan nan nan -0.05976143046671968 nan nan nan nan nan nan nan nan nan nan -0.03333333333333332 nan nan nan nan 0.04783283888606172
0 nan nan nan nan nan nan nan nan nan nan nan nan nan nan nan nan nan nan nan nan nan nan nan nan nan nan nan nan nan
0 nan nan nan nan nan nan nan nan 0.13540064007726732 nan nan nan 0.033333333333356654 nan nan nan nan -0.04532984139113333 nan nan -0.05697486883884258 -0.04845257161975388 -0.0484525716197449 nan nan -0.11543825704433094 nan nan 0.05942669039692023
0 nan nan nan nan nan nan nan nan 0.13540064007726732 nan nan nan -0.11365151414160114 nan nan nan nan -0.04532984139113333 -0.27218255275093217 nan -0.02525275409176284 -0.02147544875773783 -0.021475448757703457 nan nan -0.12515307622270397 nan nan 0.08390336541049707
0 nan nan nan nan nan nan nan nan 0.13540064007726732 nan nan nan -0.08322503785760216 nan nan nan -0.03333333333347146 -0.04532984139113333 -0.16984793474625595 nan -0.02525275409176284 -0.02147544875773783 -0.021475448757703457 nan nan -0.12515307622270397 nan nan 0.08148148148147413
0 nan nan nan nan nan nan nan nan nan nan nan nan 0.14509525002200227 nan nan 0.03333333333333336 nan nan 0.18559214542766742 nan -0.12598815766974242 -0.10714285714285708 -0.1071428571428571 nan nan 0.030833713513267233 nan nan -0.0778062443457646
0 -0.19475891374403004 -0.1812200940731874 nan nan nan nan nan nan 0.11998127641844483 nan nan nan -0.08453044318256647 0.04794633014853938 nan -0.03519604984043393 nan -0.13107170705576326 -0.21846762886599833 nan -0.2914079281459622 -0.2651336346185187 -0.2830451090046906 0.03333333333333347 -0.03293303474183748 0.05835319531166846 nan nan 0.06976815246856563
0 nan nan nan nan nan nan nan nan 0.11884147168780625 nan nan nan -0.08086486675505906 nan nan -0.03080084479309892 nan -0.1150983381952483 -0.21524656184739718 nan -0.2587512657069177 -0.23046316496964975 -0.24096852022479487 0.03333333333333331 0.04845110348645113 -0.08206139363683941 nan nan -0.013817351050981475
0 nan nan nan nan nan nan nan nan 0.11922860260744386 nan nan nan 0.09014955157453197 -0.10107973914385035 -0.08596023825918277 0.03187259077134993 -0.04598203298099802 -0.0012250680257058042 0.19108649924082965 nan 0.22412196570459206 0.20689187817580706 0.22336841082978767 -0.03333333333333362 -0.07953894981812062 -0.056662779169328104 nan 0.14269483796599752 0.0007800400607660204
0 nan nan nan nan nan nan nan nan nan nan nan nan nan nan nan nan nan nan nan nan nan nan nan nan nan nan nan nan nan
0 -0.05528998234059798 -0.03271321717414953 nan nan nan nan nan 0.07027283689263071 -0.13043159197209103 nan -0.15317086469393965 nan 0.13361627168348114 -0.10107973914385172 -0.08596023825918368 0.04532984139116711 -0.047946330148553006 0.11909676809934254 0.17861485677840336 nan 0.1532172539213276 0.14411003315864085 0.15694902521926732 -0.03333333333333341 0.0770274873853547 -0.04148381535902622 nan -0.13540064007726593 -0.08001477190962543
0 nan nan nan nan nan nan nan nan nan nan nan nan nan nan nan nan nan nan nan nan nan nan nan nan nan nan nan nan nan
0 nan nan nan nan nan nan nan nan nan nan nan nan 0.04790846604464111 nan nan nan 0.03333333333335247 nan 0.4237054171443737 nan -0.12598793917615297 -0.10714267133152473 -0.10714267133152476 nan nan -0.021466360249914076 nan nan -0.07317647054794707
0 0.11864058885550985 0.09770401435159617 nan nan nan nan nan nan 0.1181387320374253 nan 0.15317086469393965 nan 0.05598130008002423 0.100841786737744 0.08596023825918803 -0.010444659357341892 -0.027252914173655277 -0.11297784648636357 0.009035154290959364 nan 0.18245082558831427 0.17109840724973427 0.18730967971402412 -0.0333333333333334 -0.08453272128629927 -0.10326003354879142 nan 0.13540064007726607 0.08188431372560835
0 nan nan nan nan nan nan nan nan nan nan nan nan 0.09917023360066998 nan nan 0.030800844793098935 nan 0.11058760013895086 0.21798656155271318 nan 0.2527973939829011 0.23157200019906055 0.24857278980709996 -0.03333333333333334 nan -0.07776466944462919 nan nan -0.07408436183269342
0 -0.0571128932223456 -0.03362413195695142 nan nan nan -0.12268793230327117 -0.10294339408252609 0.0702728368926307 0.13220097029471448 nan -0.1476217791493485 nan 0.07188420550503861 -0.10107973914384671 -0.08596023825918699 0.04794633014853716 nan -0.04849928018447617 0.23005522807827478 nan -0.25458925888647055 -0.21910210358438156 -0.2204711446457804 0.0333333333333336 -0.08839883146474892 -0.1599846154379337 nan nan -0.079189534932329
0 nan nan nan nan nan nan nan nan nan nan nan nan nan nan nan nan nan nan nan nan nan nan nan nan nan nan nan nan nan
0 nan nan nan nan nan nan nan nan -0.1551582227085438 nan nan nan nan nan nan nan nan 0.03333333333333333 nan nan 0.26560635762986523 0.2427520781138061 0.260132990857236 nan 0.08944271909999159 -0.19265735967657163 nan nan 0.04794633014853841
0 nan nan nan nan nan nan nan nan nan nan nan nan nan nan nan nan nan 0.14509525002200233 nan nan 0.32710225430843876 0.2970442628930023 0.3169328455231937 nan nan nan nan nan nan
0 nan nan nan nan nan nan nan nan nan nan nan nan -0.029598605270197028 nan nan nan nan 0.12310954355565322 nan nan 0.26560635762986523 0.2427520781138061 0.260132990857236 nan nan 0.19265735967657163 nan 0.2595893229375858 0.09202299432874726
0 nan nan nan nan nan nan nan nan nan nan nan nan nan nan nan nan nan nan nan nan nan nan nan nan nan nan nan nan nan
0 nan nan nan nan nan nan nan nan -0.1551582227085438 nan nan nan nan -0.10107973914385378 -0.08596023825918793 nan nan 0.03333333333333333 nan nan 0.22589556565891714 0.20814173384129295 0.22433161909252855 0.03333333333333333 nan nan nan nan nan
0 nan nan nan nan nan nan nan nan -0.1551582227085438 nan nan nan nan -0.10107973914385378 -0.08596023825918793 nan nan 0.04794633014853841 nan nan 0.2270017415356663 0.20935894733965593 0.2258769757263128 nan 0.08944271909999159 nan nan nan nan
0 nan nan nan nan nan nan nan nan -0.1551582227085438 nan nan nan nan -0.10107973914385378 -0.08596023825918793 nan nan 0.15602226994230253 nan nan 0.07247076554985202 0.08089923881133458 0.09990122181875016 0.03333333333333333 0.08944271909999159 -0.17918531434223273 nan nan -0.041826255700387775
0 0.0 -0.030856049040764083 0.06892719241639057 0.04794633014853841 nan -0.03117349569515423 -0.06209349003662404 0.07027283689263066 -0.31302427397472493 -0.20916078972462188 -0.1482668135581441 nan -0.08892785427134808 -0.10107973914385378 -0.08596023825918793 nan nan -0.07363619256569567 -0.14375905768565214 nan 0.3151632783299753 0.28314733583967105 0.29845079305077665 -0.03333333333333333 -0.15416921084802357 0.214850783091749 nan 0.23648951369849933 -0.061342456961695886
0 -0.015397199265770604 -0.04597795860487301 0.04794633014853841 nan nan -0.07800468485042683 -0.10877400692293557 0.07027283689263066 -0.14941587225143932 -0.2202022711538727 -0.14809912248067003 nan 0.03825159333543913 -0.10107973914385378 -0.08596023825918793 nan nan 0.26854763692670874 -0.03333333333333333 nan 0.3119462291295134 0.2804660210795305 0.29571426391046984 -0.03333333333333333 -0.16476750467433335 0.3065882604262114 nan 0.2053491294842422 -0.2249223421928849
0 -0.2232206958394038 -0.19339784695757256 0.06896551724137931 0.04794633014853841 0.04791968589521738 -0.2621679546763879 -0.2321328092003981 0.07027283689263066 0.02045576398851062 -0.2381027942025593 -0.14817358157158866 nan 0.010253866188342741 -0.10089907816093972 -0.08596023825918793 -0.04791968589521738 0.04791968589521738 -0.225195859532117 -0.13277441910700966 nan -0.023986843342644094 0.0 0.019700457759223414 0.03333333333333333 -0.05136873582997242 0.24659512174048276 nan -0.1855348904068918 -0.2254703771385472
0 nan nan nan nan nan -0.07637860225304817 -0.10662788179356271 nan -0.21034407523493778 nan -0.14830415566012348 nan 0.03080865626205737 -0.10107973914385378 -0.08596023825918793 nan -0.04794633014853841 -0.19448733323228287 -0.24576791341024476 nan -0.31261324277019104 -0.24080715041560635 -0.21718776010363247 0.03333333333333333 0.12361826284495386 nan nan -0.158126895961242 0.01079097055186097
0 0.23831729237686844 0.2542738138578039 nan nan nan nan nan 0.07027283689263066 -0.041961153155709446 nan -0.14821085325663838 nan 0.15483544575089558 -0.10089907816093972 -0.08596023825918793 0.04794633014853841 -0.04794633014853841 -0.14310345177649333 -0.08206433652482675 nan -0.3123380723051235 -0.28090761988435076 -0.2964784744889005 0.03333333333333333 0.1152088245906472 -0.18105204511428774 nan 0.07668610570102041 0.06428386281863195
0 nan nan nan nan nan nan nan nan nan nan nan nan 0.14509525002200233 nan nan 0.03333333333333333 nan 0.16201385122983508 0.25329595721316217 nan 0.17157999914431393 0.16466238982811682 0.18361304054276123 nan nan 0.17859174987484605 nan nan 0.2817744356989696
0 nan nan nan nan nan nan nan nan nan nan nan nan nan nan nan nan nan 0.03333333333333333 nan nan 0.16816513026823288 0.14301100089081153 0.14301100089081153 -0.03333333333333333 0.08944271909999159 nan nan nan nan
0 nan nan nan nan nan nan nan nan -0.1551582227085438 nan nan nan nan -0.10107973914385378 -0.08596023825918793 nan nan 0.03333333333333333 nan nan 0.26378918903435544 0.2408177677807673 0.25773740789526733 0.03333333333333333 nan nan nan nan 0.03333333333333333
0 nan nan nan nan nan nan nan nan nan nan nan nan -0.07027283689263066 nan nan nan nan -0.1001009591372731 nan nan nan nan nan 0.03333333333333333 nan nan nan nan -0.13227610517680938
0 nan nan nan nan nan nan nan nan nan nan nan nan nan nan nan nan nan nan nan nan nan nan nan nan nan nan nan nan nan
0 nan nan nan nan nan nan nan nan nan nan nan nan nan nan nan nan nan 0.03333333333333333 nan nan nan nan nan nan nan nan nan nan nan
0 nan nan nan nan nan nan nan nan -0.1551582227085438 nan nan nan nan -0.10107973914385378 -0.08596023825918793 nan nan -0.02079754844897284 nan nan 0.31678909916928766 0.28615868404231626 0.30352170046681803 0.03333333333333333 0.08944271909999159 -0.17822724792514041 nan -0.04087843472349485 -0.1463970585955609
0 nan nan nan nan nan nan nan nan nan nan nan nan nan nan nan nan nan 0.03333333333333333 nan nan 0.07027283689263066 0.05976143046671968 0.05976143046671968 0.03333333333333333 nan nan nan nan 0.10715167512214395
0 nan nan nan nan nan nan nan nan nan nan nan nan -0.05134252060201863 nan nan nan nan -0.11493575280445711 0.2765731166813519 nan nan nan nan nan nan nan nan nan -0.07008468973601258
0 nan nan nan nan nan nan nan nan nan nan nan nan 0.14509525002200233 nan nan 0.03333333333333333 nan nan -0.10678154733180595 nan -0.1259881576697424 -0.10714285714285714 -0.10714285714285714 nan nan -0.07014723744122017 nan nan nan
0 nan nan nan nan nan nan nan nan nan nan nan nan nan nan nan nan nan nan 0.2966895538404153 nan -0.1259881576697424 -0.10714285714285714 -0.10714285714285714 nan nan 0.18059364146807888 nan nan -0.07986614315869564
0 nan nan nan nan nan nan nan nan nan nan nan nan nan nan nan nan nan nan nan nan -0.32710225430843876 -0.2970442628930023 -0.3169328455231937 0.03333333333333333 nan nan nan nan -0.05976143046671968
0 nan nan nan nan nan nan nan nan nan nan nan nan -0.05976143046671968 nan nan nan nan nan nan nan nan nan nan 0.03333333333333333 nan nan nan nan -0.07986614315869564
0 nan nan nan nan nan nan nan nan nan nan nan nan 0.05976143046671968 nan nan nan nan nan nan nan nan nan nan -0.03333333333333333 nan nan nan nan 0.07986614315869564
0 nan nan nan nan nan nan nan nan nan nan nan nan nan nan nan nan nan nan nan nan nan nan nan nan nan nan nan nan nan
0 nan nan nan nan nan nan nan nan nan nan nan nan -0.05976143046671968 nan nan nan nan nan nan nan nan nan nan -0.03333333333333333 nan nan nan nan 0.01594961704657455
0 nan nan nan nan nan nan nan nan nan nan nan nan nan nan nan nan nan nan nan nan nan nan nan nan nan nan nan nan nan
0 nan nan nan nan nan nan nan nan 0.13540064007726602 nan nan nan 0.03333333333333333 nan nan nan nan -0.04791968589521738 nan nan 0.07385381169507393 0.06280676328836547 0.06280676328836547 nan nan -0.2257461399037782 nan nan 0.05969269964413234
0 nan nan nan nan nan nan nan nan 0.13540064007726602 nan nan nan -0.09982126884730386 nan nan nan nan -0.04791968589521738 -0.28660379833787897 nan 0.12487810821089253 0.1061988488107183 0.1061988488107183 nan nan -0.1053603139515452 nan nan 0.08896568786347508
0 nan nan nan nan nan nan nan nan 0.13540064007726602 nan nan nan -0.08898462277650494 nan nan nan -0.03333333333333333 -0.04791968589521738 -0.19791453810456788 nan 0.12487810821089253 0.1061988488107183 0.1061988488107183 nan nan -0.1053603139515452 nan nan 0.08885233166386386
0 nan nan nan nan nan nan nan nan nan nan nan nan 0.14509525002200233 nan nan 0.03333333333333333 nan nan 0.18559214542766742 nan -0.1259881576697424 -0.10714285714285714 -0.10714285714285714 nan nan 0.17859174987484605 nan nan -0.07986614315869564
0 -0.19475891374404053 -0.18122009407318743 nan nan nan nan nan nan 0.14791346473878397 nan nan nan 0.020572726630892216 0.04794633014853841 nan -0.04791968589521738 nan -0.2005581314381821 -0.25330927463435415 nan -0.3122203643407756 -0.280601675753039 -0.2958181265597804 0.03333333333333333 -0.052552277375161806 0.0 nan nan -0.06346430198685096
0 nan nan nan nan nan nan nan nan 0.14791346473878397 nan nan nan -0.020743351378551315 nan nan 0.0 nan -0.1480062062769816 -0.24720200154688976 nan -0.3119853470968287 -0.28039826748002045 -0.2956105105838763 0.03333333333333333 0.06302232096981834 0.0 nan nan -0.12691486339407046
0 nan nan nan nan nan nan nan nan 0.14791346473878397 nan nan nan 0.26614056126522917 -0.10107973914385378 -0.08596023825918793 0.0 -0.04791968589521738 0.0 0.16346418176633903 nan 0.16794999085458975 0.1601888931197375 0.17734557024148653 -0.03333333333333333 -0.12794388208779803 0.0 nan 0.14375905768565214 -0.08502509553489812
0 nan nan nan nan nan nan nan nan nan nan nan nan nan nan nan nan nan nan nan nan nan nan nan nan nan nan nan nan nan
0 -0.07854302584754257 -0.04692047328768752 nan nan nan nan nan 0.07027283689263066 -0.1395580158592688 nan -0.14836022175335944 nan 0.2675550549956274 -0.10107973914385378 -0.08596023825918793 0.04791968589521738 -0.04794633014853841 0.06126195095148837 0.17438671511525686 nan 0.11999436426801104 0.12017068606286592 0.13795157160580893 -0.03333333333333333 -0.05171322953597771 0.12742625669306057 nan -0.13540064007726602 -0.08909965083446196
0 nan nan nan nan nan nan nan nan nan nan nan nan nan nan nan nan nan nan nan nan nan nan nan nan nan nan nan nan nan
0 nan nan nan nan nan nan nan nan nan nan nan nan 0.04791968589521738 nan nan nan 0.03333333333333333 nan 0.3036219930629561 nan -0.12584326037318713 -0.10701963357460793 -0.10701963357460793 nan nan 0.17819930166892392 nan nan -0.07966967018418206
0 0.07854302584754257 0.04692047328768752 nan nan nan nan nan nan 0.14791346473878397 nan 0.14836022175335944 nan 0.01025282301562644 0.10089907816093972 0.08596023825918793 0.0 0.0 -0.061274315862493586 0.07158068247619377 nan 0.26388833926865335 0.240254339216079 0.2561059508699044 -0.03333333333333333 0.09285340733327592 0.0 nan 0.13540064007726602 0.0
0 nan nan nan nan nan nan nan nan nan nan nan nan 0.030967089150179115 nan nan 0.0 nan 0.11557596645368982 0.24717662537256363 nan 0.16852128696144436 0.16083085737443284 0.17822280017895084 -0.03333333333333333 nan 0.0 nan nan -0.07966967018418206
0 0.0 0.03259334256972134 nan nan nan -0.07882557202269197 -0.04704443776604576 0.07027283689263066 0.13966774567508847 nan -0.14934225023551292 nan 0.03200357909499917 -0.10107973914385378 -0.08596023825918793 0.04794633014853841 nan 0.0 0.28597567192279 nan -0.3118289634543732 -0.28026290745886673 -0.295472342541468 0.03333333333333333 0.010606131294987822 0.0 nan nan -0.10269552087352457
0 nan nan nan nan nan nan nan nan nan nan nan nan nan nan nan nan nan nan nan nan nan nan nan nan nan nan nan nan nan
0 nan nan nan nan nan nan nan nan nan nan nan nan nan nan nan nan nan nan nan nan nan nan nan nan nan nan nan nan nan