P1,P2,S10,S25,S33,S35,S37,S39,S40,S41,S46,S47,S5,S53,S55,S6,S64,S7,S70,S8,S9,S117,S118,S112,S113,S114,S115,S123,S127,S201,S202,S203,S73,S100,S101,S102,S106,S107,S108,S122,S124,S126,S109,S110
0 nan nan nan nan nan nan nan nan -0.059761430466719695 nan nan nan nan nan nan nan nan 0.07027283689263061 nan nan nan 0.05976143046671968 0.08596023825918793 nan -0.1767766952966369 0.16305346748963634 nan nan 0.04794633014853841
0 nan nan nan nan nan nan nan nan nan nan nan nan nan nan nan nan nan 0.07780624434576454 nan nan 0.12598815766974242 0.1259881576697424 0.14354231294080366 nan nan nan nan nan nan
0 nan nan nan nan nan nan nan nan nan nan nan nan nan nan nan nan nan 0.12654716405430383 nan 0.08356998257623487 nan 0.05976143046671969 0.08596023825918793 nan nan -0.15057692940374057 0.1259881576697424 0.05796133254837812 -0.11714584924242208
0 nan nan nan nan nan nan nan nan nan nan nan nan nan nan nan nan nan nan nan nan nan nan nan nan nan nan nan nan nan
0 nan nan nan nan nan nan nan nan -0.05976143046671968 nan nan nan nan -0.2383172923768684 -0.2231780211373288 nan nan 0.05976143046671968 nan nan nan nan nan 0.13540064007726604 nan nan nan nan nan
0 nan nan nan nan nan nan nan nan -0.05976143046671968 nan nan nan nan -0.2383172923768684 -0.2231780211373288 nan nan 0.05601120336112037 nan 0.04794633014853873 nan nan nan nan -0.1767766952966369 nan nan nan nan
0 nan nan nan nan nan nan nan nan -0.059761430466719674 nan nan nan nan -0.2383172923768685 -0.22317802113732868 nan nan 0.0007827671508348001 nan -0.0659356402125007 -0.1259835815854747 -0.1258266472061796 -0.14328208630872835 0.13540064007726596 -0.17677669529663687 0.16321551130359746 nan nan -0.03333333333333334
0 6.250657134843387e-16 -0.017868542247293916 0.1892094242081713 0.17695387497719847 0.08944271909998801 -0.05006010821645328 -0.07712657275979243 0.0702728368926285 -0.08515136691216063 0.030347560863869312 -0.05973389247769211 nan 0.08944271909998547 -0.17484055581539534 -0.17261404799670121 0.03333333333334819 nan 0.04659527656176098 -0.045329841391162286 -0.12003265332315886 0.12597184246494308 0.12593291879571047 0.14342345981177093 -0.13540064007726607 0.17616359410796031 -0.1567234030137353 0.09283444198266393 0.04350346989093854 0.15425385085688742
0 -0.01930768188269041 -0.04607952446765738 0.1883025477295243 0.1749552881676292 0.059761430466714935 -0.0796741010771081 -0.10446638074676465 0.059761430466714935 -0.133082092610139 0.018096222950497166 -0.05962519435581373 nan -0.006092579492305901 -0.16263134396658355 -0.16146928404131064 -0.03333333333335212 nan 0.034276617721725446 -0.03333333333333123 0.12131004404043164 0.12596859798965135 0.12593216039771576 0.14309854008272643 -0.13540064007726602 0.17615209572492294 0.11335650326188543 0.11231347759765449 0.020534847771834036 0.13977161449683162
0 -0.08251340493309132 -0.06050488255066975 0.15488061853247584 0.1418271572327969 0.13258610570414853 0.10897505899686002 0.11436925288254393 0.06792595946961708 -0.1097209362860745 -0.04455047407361498 -0.059611960359384236 nan 0.04267358950459238 -0.1224530914958109 -0.1087604520231568 -0.12272519659468216 0.12848405416203396 0.2774661723992662 0.24073677802803803 -0.13049455634991378 -0.1240957620083352 -0.1219475491538164 -0.13830287665600247 0.13540064007726602 -0.17502694923057374 0.03816170930129255 0.12097221459635964 0.06031996064804668 0.1777534810020683
0 nan nan nan nan nan -0.07967410107711223 -0.10446638074676856 nan -0.055510604180510674 nan -0.05972210914217957 nan -0.23875571582102925 -0.202485404647936 -0.1975522132984639 -0.09504773787857386 -0.14509525002199503 -0.12190999194559557 -0.09303255763182794 -0.08238898354982302 -0.12598815766974245 -0.12598815766974236 -0.14354231294080366 0.13540064007726602 -0.1767766952966368 0.0964154012228325 0.04532984139114545 0.04532984139115972 1.0718900904778142e-15
0 0.10107973914385385 0.11516335992621987 nan nan nan nan nan nan -0.023801690440729082 nan -0.05972210914217957 nan -0.17383218178235968 -0.1410178041813218 -0.16286830417209228 0.1187020519353203 -0.14509525002199503 -0.10580967102285775 -0.17076833726377655 -0.08238898354982302 -0.12598815766974242 -0.12590481882445143 -0.14247881197587495 0.13540064007726635 -0.1767766952966368 -0.05435039469182412 0.06792595946961692 -0.025701930775860873 -0.12053319068966122
0 nan nan nan nan nan nan nan nan nan nan nan nan 0.14269483796599 nan nan 0.11646502721462174 nan -0.1651890002775664 -0.12458548049477267 0.09770401435159619 -0.12598815766974242 -0.09235141930792198 -0.07859052479933758 nan nan -0.16213998114479716 nan nan -0.13816574881624577
0 nan nan nan nan nan nan nan nan nan nan nan nan nan nan nan nan nan 0.047946330148538496 nan nan 0.12598815766974242 0.12178057511186367 0.12178057511186371 -0.13540064007726604 -0.1767766952966369 nan nan nan nan
0 nan nan nan nan nan nan nan nan -0.05976143046671968 nan nan nan nan -0.2383172923768684 -0.2231780211373288 nan nan 0.07479042255487044 nan nan nan 0.05976143046671968 0.08126928493096162 0.13540064007726604 nan nan nan nan 0.03333333333333333
0 nan nan nan nan nan nan nan nan nan nan nan nan nan nan nan nan nan 0.1110978873085977 nan nan nan nan nan 0.13540064007726602 nan nan nan nan 0.10238010027189084
0 nan nan nan nan nan nan nan nan nan nan nan nan nan nan nan nan nan nan nan nan nan nan nan nan nan nan nan nan nan
0 nan nan nan nan nan nan nan nan nan nan nan nan nan nan nan nan nan 0.047946330148538496 nan nan nan nan nan nan nan nan nan nan nan
0 nan nan nan nan nan nan nan nan -0.059761430466719674 nan nan nan nan -0.23831729237686838 -0.22317802113732865 nan nan 0.1180412601335107 0.06656360556651525 0.06918209388091874 0.1259881576697424 0.0873303612163578 0.09820111175611766 0.13540064007726602 -0.1767766952966369 0.15967422493010242 0.11357836822900029 0.06305657950912877 -0.00543812835889952
0 nan nan nan nan nan nan nan nan nan nan nan nan nan nan nan nan nan 0.08531131448088851 nan nan nan nan nan 0.13540064007726604 nan nan nan nan -0.16098176280543172
0 nan nan nan nan nan nan nan nan nan nan nan nan 0.3048121974397017 nan nan 0.10120804901953351 -0.03333333333333385 0.29059341077295864 0.045276904902397615 nan nan nan nan nan nan nan nan nan -0.06408026367951924
0 nan nan nan nan nan nan nan nan nan nan nan nan 0.1426948379659899 nan nan 0.13540064007726604 nan nan -0.0597614304667197 nan -0.12598815766974242 -0.10714285714285712 -0.10714285714285714 nan nan -0.03333333333333333 nan nan nan
0 nan nan nan nan nan nan nan nan nan nan nan nan nan nan nan 0.08944271909999164 nan -0.07027283689263067 -0.11456191485062385 nan -0.12598815766974242 -0.10714285714285712 -0.10714285714285714 nan nan -0.08723567442899588 nan nan nan
0 nan nan nan nan nan nan nan nan nan nan nan nan nan nan nan nan nan nan nan nan -0.12598815766974242 -0.1259881576697424 -0.14354231294080366 0.13540064007726604 nan nan nan nan nan
0 nan nan nan nan nan nan nan nan nan nan nan nan nan nan nan nan nan 0.07027283689263067 nan 0.06896551724137936 nan nan nan 0.13540064007726604 nan nan nan nan nan
0 nan nan nan nan nan nan nan nan nan nan nan nan nan nan nan nan nan -0.07027283689263067 nan -0.06896551724137934 nan nan nan -0.13540064007726604 nan nan nan nan nan
0 nan nan nan nan nan nan nan nan nan nan nan nan nan nan nan nan nan nan nan nan nan nan nan nan nan nan nan nan nan
0 nan nan nan nan nan nan nan nan nan nan nan nan nan nan nan nan nan -0.07027283689263074 nan -0.0689655172413794 nan nan nan -0.13540064007726604 nan nan nan nan nan
0 nan nan nan nan nan nan nan nan nan nan nan nan nan nan nan nan nan nan nan nan nan nan nan nan nan nan nan nan nan
0 nan nan nan nan nan nan nan nan 0.03333333333333384 nan nan nan nan nan nan nan nan 0.03290534048929598 nan -0.04794633014849323 0.07027283689264455 0.08126928493098026 0.0812692849309929 nan nan 0.07648847979028311 nan nan nan
0 nan nan nan nan nan nan nan nan 0.03333333333333384 nan nan nan 0.236760138794159 nan nan -0.08830933005167388 0.01903467469057588 0.03327078422249137 0.13609604618497606 -0.04794633014849323 0.1259881576697444 0.12178057511186725 0.12178057511187317 nan nan 0.1254932184356459 nan nan nan
0 nan nan nan nan nan nan nan nan 0.03333333333333384 nan nan nan -0.034333393734675116 nan nan -0.0964154012227642 -0.0333333333331431 0.03329626437991445 0.12536786756977897 -0.04794633014849323 0.1259881576697444 0.12178057511186725 0.12178057511187317 nan nan 0.1254932184356459 nan nan nan
0 nan nan nan nan nan nan nan nan nan nan nan nan 0.14269483796598975 nan nan 0.12566761606227742 nan -0.07027283689263067 -0.1309120337581334 nan -0.12598815766974242 -0.10714285714285712 -0.10714285714285714 nan nan -0.08515136691215865 nan nan nan
0 0.18122009407318765 0.19475891374404036 nan nan nan nan nan nan 0.050604279624836795 nan nan nan -0.1151752958284586 0.19475891374404616 0.1812200940731897 -0.10496374216589303 nan 0.05830478697736076 0.1415974485441596 -0.12271093348518909 -0.12572656983936772 -0.09696170537468213 -0.1146054538947957 0.13540064007726607 0.061942961308248196 0.08397382800016132 -0.047946330148536206 nan 0.11783860550138403
0 nan nan nan nan nan nan nan nan 0.04896086653043334 nan nan nan -0.049962136248644144 0.15488061853247634 0.14182715723279754 -0.10092010955947259 nan 0.05061156144795584 0.13877507184051976 -0.13353212413369453 -0.12598815766974242 -0.12277684228963505 -0.13613213119501757 0.13540064007726602 -0.0099014754297661 -0.08270323932484697 nan nan 0.12110675966794661
0 nan nan nan nan nan nan nan nan 0.04848739061873334 nan nan nan 0.11518190593751299 -0.2026585295271289 -0.20139862328487595 0.11867108500346271 -0.1385549042534941 -0.08009327474242303 -0.1829636388002692 -0.07664515214331039 -0.12596199076514478 -0.019024199783063397 0.027801518586651128 -0.13540064007726593 0.13185659647624437 -0.08180576059688724 nan -0.12373190531772249 0.09688330844380882
0 nan nan nan nan nan nan nan nan nan nan nan nan nan nan nan nan nan nan nan nan nan nan nan nan nan nan nan nan nan
0 0.16796775328675637 0.18122009407318765 nan nan nan nan nan -0.07027283689262187 -0.04692783686545911 nan -0.059569041541832374 nan 0.06579506777734416 -0.2219229880330667 -0.21113469013189287 0.12055893250060508 -0.14509525002199755 -0.1209951227820724 -0.1574398901684186 -0.08774904120224351 -0.12598815766974242 -0.11436737923192376 -0.06182573558261093 -0.1354006400772659 -0.1767592430009439 -0.06887070756470262 0.05976143046670284 0.07973465930221185 nan
0 nan nan nan nan nan nan nan nan nan nan nan nan nan nan nan nan nan nan nan nan nan nan nan nan nan nan nan nan nan
0 nan nan nan nan nan nan nan nan nan nan nan nan nan nan nan 0.09459326460109123 -0.018359701840856533 -0.07027283689263066 -0.11318308448483064 nan -0.12598793917615295 -0.10714267133152476 -0.10714267133152477 nan nan -0.08370035502262373 nan nan nan
0 -0.16796775328675628 -0.18122009407318743 nan nan nan nan nan 0.07027283689263206 0.04811247753670536 nan 0.059569041541832374 nan -0.01934342096683512 0.22803327583737792 0.21447539203605778 -0.09413022872898454 -0.12501672151787002 0.02842442422425061 -0.082386178316675 -0.008378654415760538 0.12598527580811186 0.12465305653444111 0.12597503962391457 -0.13540064007726602 0.17676398695458534 -0.08600162654554651 -0.05976143046672153 -0.01594932619950449 0.07285489363469966
0 nan nan nan nan nan nan nan nan nan nan nan nan 0.08147945028264403 nan nan 0.11170865201248255 nan -0.08630890527234457 -0.14295482001428855 -0.08026778756955291 -0.1259881576697424 0.038755679199660095 0.07021314737893036 -0.13540064007726602 nan -0.08287682392913302 nan nan nan
0 0.23831729237686844 0.25427381385780345 nan nan nan 0.14182715723279374 0.15488061853247317 nan 0.04743174497726829 nan -0.05976143046671959 nan 0.17678630539614418 -0.12814524658854057 -0.12180985119212576 0.10056112381908597 -0.0894427190999918 -0.06638835231600412 -0.19295692887520757 -0.11516488936368098 -0.12596227559224757 -0.12560813962477296 -0.1419321419617205 0.13540064007726618 0.17675574076342157 -0.08548413774102909 nan 0.09860132971832937 0.18175322799531474
0 nan nan nan nan nan nan nan nan nan nan nan nan nan nan nan nan nan nan nan nan nan nan nan nan nan nan nan nan nan
0 nan nan nan nan nan nan nan nan -0.05976143046671968 nan nan nan nan nan nan nan nan 0.07027283689263066 nan nan nan 0.05976143046671968 0.08596023825918793 nan -0.1767766952966369 0.16367688736284708 nan nan 0.04794633014853841
0 nan nan nan nan nan nan nan nan nan nan nan nan nan nan nan nan nan 0.07986614315869564 nan nan 0.1259881576697424 0.1259881576697424 0.14354231294080366 nan nan nan nan nan nan
0 nan nan nan nan nan nan nan nan nan nan nan nan nan nan nan nan nan -0.03384674822068673 nan 0.10080911017322222 nan 0.05976143046671968 0.08596023825918793 nan nan -0.1583224766123246 0.12598815766974242 0.04158639408439757 0.031047227706491067
0 nan nan nan nan nan nan nan nan nan nan nan nan nan nan nan nan nan nan nan nan nan nan nan nan nan nan nan nan nan
0 nan nan nan nan nan nan nan nan -0.05976143046671968 nan nan nan nan -0.23831729237686844 -0.22317802113732874 nan nan 0.05976143046671968 nan nan nan nan nan 0.13540064007726602 nan nan nan nan nan
0 nan nan nan nan nan nan nan nan -0.05976143046671968 nan nan nan nan -0.23831729237686844 -0.22317802113732874 nan nan 0.05969269964413234 nan 0.04794633014853841 nan nan nan nan -0.1767766952966369 nan nan nan nan
0 nan nan nan nan nan nan nan nan -0.05976143046671968 nan nan nan nan -0.23831729237686844 -0.22317802113732874 nan nan -0.1620472703332368 nan 0.0 -0.12579507225716677 -0.12561352657673094 -0.14283520365055458 0.13540064007726602 -0.1767766952966369 0.17060527318596658 nan nan -0.03333333333333333
0 0.0 -0.03082517754825146 0.20301016815807837 0.1910145340294701 0.08944271909999159 -0.06209349003662404 -0.09285807044061016 0.07027283689263066 -0.09009168224256174 0.0 -0.05969269964413234 nan 0.08944271909999159 -0.2022534716073897 -0.19026461428710284 0.03333333333333333 nan 0.0 -0.04791968589521738 -0.14037908252815856 0.12579507225716677 0.12561352657673094 0.14283520365055458 -0.13540064007726602 0.16517363013507083 -0.16353026795531997 0.09029682073403944 0.0 0.13350417713558194
0 -0.015472878538488766 -0.04619159779731181 0.19199187458034558 0.17903334618924352 0.05976143046671968 -0.07685826105532144 -0.10747098820829248 0.05976143046671968 -0.15153535218873174 0.0 -0.05969269964413234 nan -0.01144555267920785 -0.17828648153660703 -0.16626984070677508 -0.03333333333333333 nan -0.06184496346896393 -0.03333333333333333 0.12783142864300942 0.12579507225716677 0.12561352657673094 0.14283520365055458 -0.13540064007726602 0.16538724611187705 0.08169084329493405 0.11557596645368982 -0.03078039575502865 0.23564718333894066
0 -0.10458212679768349 -0.07481878390776366 0.15488061853247326 0.14182715723279385 0.14096735392208676 0.17809755132371796 0.177768181276718 0.07014723744122017 -0.13357235760942815 -0.11381624362007119 -0.05969269964413234 nan 0.0 -0.12867425976737373 -0.11471979227625209 -0.13963114031587634 0.13999849464793573 0.2972713911243701 0.2757344213812212 -0.14037908252815856 -0.12579507225716677 -0.12561352657673094 -0.14283520365055458 0.13540064007726602 -0.16494153592655889 -0.02051608413120669 0.1232723749725483 0.08246843090031325 0.26793974973779316
0 nan nan nan nan nan -0.07685826105532144 -0.10747098820829248 nan 0.09179746945996095 nan -0.05969269964413234 nan -0.2399514849262666 -0.22550764812730914 -0.2133998451929083 -0.08916958228768448 -0.14509525002200233 -0.09220976739349852 -0.061404601093691426 -0.08586137653785332 -0.1259881576697424 -0.1259881576697424 -0.14354231294080366 0.13540064007726602 -0.1767766952966369 0.09820613241770824 0.04791968589521738 0.04706460254955472 0.0
0 0.10107973914385378 0.11516335992621968 nan nan nan nan nan nan -0.010578529084768137 nan -0.05969269964413234 nan -0.2662862350025574 -0.16756773892984256 -0.18910380990971207 0.1232723749725483 -0.14509525002200233 -0.08183134057472427 -0.16369583473657065 -0.08586137653785332 -0.1259881576697424 -0.12576297758327862 -0.14297578951495077 0.13540064007726602 -0.1767766952966369 0.0 0.07014723744122017 -0.011509936249981251 -0.07387390821438046
0 nan nan nan nan nan nan nan nan nan nan nan nan 0.14375905768565214 nan nan 0.13223909969135259 nan -0.17809723495865978 -0.13279746572031992 0.10089907816093972 -0.1259881576697424 -0.06288148879163931 -0.028602200178162306 nan nan -0.1666467578489803 nan nan -0.1401277553049687
0 nan nan nan nan nan nan nan nan nan nan nan nan nan nan nan nan nan 0.04794633014853841 nan nan 0.1259881576697424 0.12576297758327862 0.12576297758327862 -0.13540064007726602 -0.1767766952966369 nan nan nan nan
0 nan nan nan nan nan nan nan nan -0.05976143046671968 nan nan nan nan -0.23831729237686844 -0.22317802113732874 nan nan 0.07976772519998071 nan nan nan 0.05976143046671968 0.08591246929842244 0.13540064007726602 nan nan nan nan 0.03333333333333333
0 nan nan nan nan nan nan nan nan nan nan nan nan nan nan nan nan nan 0.09894176915848295 nan nan nan nan nan 0.13540064007726602 nan nan nan nan 0.09117228078189674
0 nan nan nan nan nan nan nan nan nan nan nan nan nan nan nan nan nan nan nan nan nan nan nan nan nan nan nan nan nan
0 nan nan nan nan nan nan nan nan nan nan nan nan nan nan nan nan nan 0.04794633014853841 nan nan nan nan nan nan nan nan nan nan nan
0 nan nan nan nan nan nan nan nan -0.05976143046671968 nan nan nan nan -0.23831729237686844 -0.22317802113732874 nan nan 0.19097274212644622 0.07008468973601258 0.05040455508661111 0.1259881576697424 0.12576297758327862 0.14297578951495077 0.13540064007726602 -0.1767766952966369 0.16482585511565293 0.1230554096386838 0.06131765208524228 0.030833842169604712
0 nan nan nan nan nan nan nan nan nan nan nan nan nan nan nan nan nan 0.08898462277650494 nan nan nan nan nan 0.13540064007726602 nan nan nan nan -0.16367688736284708
0 nan nan nan nan nan nan nan nan nan nan nan nan 0.2995339027259444 nan nan 0.08916958228768448 -0.03333333333333333 0.2914064867116194 0.02053491294842422 nan nan nan nan nan nan nan nan nan -0.07008468973601258
0 nan nan nan nan nan nan nan nan nan nan nan nan 0.14375905768565214 nan nan 0.13540064007726602 nan nan -0.05976143046671968 nan -0.1259881576697424 -0.10714285714285714 -0.10714285714285714 nan nan -0.03333333333333333 nan nan nan
0 nan nan nan nan nan nan nan nan nan nan nan nan nan nan nan 0.08944271909999159 nan -0.07027283689263066 -0.11609591237233642 nan -0.1259881576697424 -0.10714285714285714 -0.10714285714285714 nan nan -0.08915558282417288 nan nan nan
0 nan nan nan nan nan nan nan nan nan nan nan nan nan nan nan nan nan nan nan nan -0.1259881576697424 -0.1259881576697424 -0.14354231294080366 0.13540064007726602 nan nan nan nan nan
0 nan nan nan nan nan nan nan nan nan nan nan nan nan nan nan nan nan 0.07027283689263066 nan 0.06896551724137931 nan nan nan 0.13540064007726602 nan nan nan nan nan
0 nan nan nan nan nan nan nan nan nan nan nan nan nan nan nan nan nan -0.07027283689263066 nan -0.06896551724137931 nan nan nan -0.13540064007726602 nan nan nan nan nan
0 nan nan nan nan nan nan nan nan nan nan nan nan nan nan nan nan nan nan nan nan nan nan nan nan nan nan nan nan nan
0 nan nan nan nan nan nan nan nan nan nan nan nan nan nan nan nan nan -0.07027283689263066 nan -0.06896551724137931 nan nan nan -0.13540064007726602 nan nan nan nan nan
0 nan nan nan nan nan nan nan nan nan nan nan nan nan nan nan nan nan nan nan nan nan nan nan nan nan nan nan nan nan
0 nan nan nan nan nan nan nan nan 0.03333333333333333 nan nan nan nan nan nan nan nan 0.0 nan -0.04794633014853841 0.07027283689263066 0.08591246929842244 0.08591246929842244 nan nan 0.07968925225899767 nan nan nan
0 nan nan nan nan nan nan nan nan 0.03333333333333333 nan nan nan 0.26321434477816824 nan nan -0.08007235611014571 0.019897566548044116 0.07972954968920368 0.13999849464793573 -0.04794633014853841 0.1259881576697424 0.12576297758327862 0.12576297758327862 nan nan 0.12512619892159138 nan nan nan
0 nan nan nan nan nan nan nan nan 0.03333333333333333 nan nan nan 0.0 nan nan -0.09820613241770824 -0.03333333333333333 0.07972954968920368 0.13148726622734616 -0.04794633014853841 0.1259881576697424 0.12576297758327862 0.12576297758327862 nan nan 0.12512619892159138 nan nan nan
0 nan nan nan nan nan nan nan nan nan nan nan nan 0.14375905768565214 nan nan 0.13223909969135259 nan -0.07027283689263066 -0.13347693416475742 nan -0.1259881576697424 -0.10714285714285714 -0.10714285714285714 nan nan -0.08896568786347508 nan nan nan
0 0.18122009407318743 0.19475891374404053 nan nan nan nan nan nan 0.05966984201371583 nan nan nan -0.1438030857784671 0.19475891374404053 0.18122009407318743 -0.13957628620245882 nan 0.12371536968774709 0.19980548474744084 -0.12799458305356373 -0.12579507225716677 -0.12561352657673094 -0.1428703112346292 0.13540064007726602 0.05988297551881386 0.1303910585644771 -0.04794633014853841 nan 0.12330864755681795
0 nan nan nan nan nan nan nan nan 0.05966984201371583 nan nan nan -0.08374412711611745 0.15488061853247326 0.14182715723279385 -0.09309962626487646 nan 0.12371536968774709 0.1850408898219952 -0.140697042352326 -0.1259881576697424 -0.12576297758327862 -0.14297578951495077 0.13540064007726602 -0.012021736335577508 -0.042227318060309965 nan nan 0.1232723749725483
0 nan nan nan nan nan nan nan nan 0.05966984201371583 nan nan nan 0.12293386895604536 -0.22641623521342022 -0.2142930185923843 0.11631357183538235 -0.1397777347292852 0.1543586855744004 -0.18395295625572683 -0.12772300501990222 -0.12584326037318713 -0.06282541968660507 -0.028574062246925838 -0.13540064007726602 0.14849129031584074 0.032289331006711594 nan -0.12512619892159138 0.10650645486791206
0 0.16796775328675628 0.18122009407318743 nan nan nan nan nan -0.07027283689263066 -0.07008468973601258 nan -0.05969269964413234 nan 0.020608632038091122 -0.22719583105009014 -0.21503219823888092 0.13963114031587634 -0.14509525002200233 -0.20439217361747425 -0.18423247769982376 -0.14035268307657991 -0.1259881576697424 -0.12576297758327862 -0.08578547370897045 -0.13540064007726602 -0.16654732066735442 0.06527014934704543 0.05976143046671968 0.06678646310949742 nan
0 nan nan nan nan nan nan nan nan nan nan nan nan nan nan nan nan nan nan nan nan nan nan nan nan nan nan nan nan nan
0 nan nan nan nan nan nan nan nan nan nan nan nan nan nan nan 0.09820613241770824 -0.011956694904299243 -0.07027283689263066 -0.13132393921709118 nan -0.12584326037318713 -0.10701963357460793 -0.10701963357460793 nan nan -0.08877700114445965 nan nan nan
0 -0.16796775328675628 -0.18122009407318743 nan nan nan nan nan 0.07027283689263066 0.07968925225899767 nan 0.05969269964413234 nan 0.041036347329314514 0.22545293318094337 0.21318499505518093 -0.09306304248210372 -0.11646615431189129 0.08177340101513905 -0.112495314042459 0.06015114988996282 0.12584326037318713 0.12565083937321014 0.1428703112346292 -0.13540064007726602 0.16548461865261285 -0.13728320952410258 -0.05976143046671968 -0.02143033502442879 0.08885233166386386
0 nan nan nan nan nan nan nan nan nan nan nan nan 0.13410777493100365 nan nan 0.11683481623410116 nan -0.12734290799340267 -0.1641955687822252 -0.10083907275678568 -0.1259881576697424 -0.06288148879163931 -0.028602200178162306 -0.13540064007726602 nan -0.08877700114445965 nan nan nan
0 0.23831729237686844 0.2542738138578039 nan nan nan 0.14182715723279385 0.15488061853247326 nan 0.04791968589521738 nan -0.05976143046671968 nan 0.21756716449015145 -0.22539825804174216 -0.21329233896684474 0.13126963198234057 -0.08944271909999159 0.0 -0.18382294758748077 -0.14035268307657991 -0.12579507225716677 -0.12561352657673094 -0.14283520365055458 0.13540064007726602 0.16571901624694133 -0.1533251269033857 nan 0.09860132971832693 0.2689571768199595
0 nan nan nan nan nan nan nan nan nan nan nan nan nan nan nan nan nan nan nan nan nan nan nan nan nan nan nan nan nan
0 nan nan nan nan nan nan nan nan nan nan nan nan nan nan nan nan nan nan nan nan nan nan nan nan nan nan nan nan nan