P1,P2,S10,S25,S33,S35,S37,S39,S40,S41,S46,S47,S5,S53,S55,S6,S64,S7,S70,S8,S9,S117,S118,S112,S113,S114,S115,S123,S127,S201,S202,S203,S73,S100,S101,S102,S106,S107,S108,S122,S124,S126,S109,S110
0 nan nan nan nan nan nan nan nan 0.1551582227085438 nan nan nan nan nan 0.04794633014853841 nan 0.04794633014853841 0.0854016820293798 nan nan -0.012422599874998849 -0.09860132971832694 -0.07779730694816718 nan 0.08006407690254362 -0.3169328455231936 nan nan -0.695221787153807
0 nan nan nan nan nan nan nan nan nan nan nan nan nan nan nan nan 0.03333333333333332 -0.1767766952966369 nan -0.35816765941328293 -0.13209898731686953 -0.2601329908572358 -0.2427520781138061 nan nan nan nan nan nan
0 nan nan nan nan nan nan nan nan nan nan nan nan -0.10647779146835241 nan nan nan nan -0.27781603365227864 nan nan -0.012422599874998906 -0.09860132971832694 -0.0777973069481672 nan -0.06828208227060796 0.3169328455231938 0.04794633014853842 -0.2713722701217545 -0.37450022257260746
0 nan nan nan nan nan nan nan nan nan nan nan nan nan nan nan nan nan nan nan nan nan nan nan nan nan nan nan nan nan
0 nan nan nan nan nan nan nan nan 0.15515822270854382 nan nan nan nan nan nan nan 0.03333333333333332 0.06792595946961791 nan nan 0.3218246924241624 0.292329253792183 0.31194218959823655 nan nan nan nan nan nan
0 nan nan nan nan nan nan nan nan 0.15515822270854382 nan nan nan nan nan nan nan 0.03333333333333332 0.07593263966019993 nan nan 0.32710225430843864 0.2970442628930023 0.3169328455231938 nan 0.033333333333333354 nan nan nan nan
0 nan nan nan nan nan nan nan nan 0.15515822270854385 nan nan nan nan nan nan nan 0.002754231123569144 0.2504629028612502 nan 0.35348593256333527 0.3751870008971969 0.360308474547038 0.3774377048827558 nan 0.060839286725813374 -0.3111034135070723 nan nan 0.3750439244587258
0 0.014100054919822252 -0.01410005491982126 nan -0.047946330148538434 nan 0.1303129272913246 0.10356640125123621 0.11677484162422842 -0.131660033901484 -0.04626446591452347 0.08433752849721299 nan -0.08872609824183778 nan 0.04794633014853841 nan 0.034068682673622924 0.054662874783112735 0.14991863158185287 -0.36693657042840183 -0.11236630893824695 -0.23619871687273503 -0.2174611381589817 nan -0.01386126215766487 0.21987571763245742 -0.04695301415158423 0.043744488188952754 -0.3383022508912651
0 0.1091666350417259 0.08502405458213981 nan -0.047946330148538434 nan 0.07764898738442444 0.04189090315278671 0.11677484162422842 -0.0924204507214614 -0.06316338213161293 0.08734046712333739 nan -0.09841483588642336 nan 0.04794633014853841 nan 0.03407461517198797 0.05250380752411536 0.04954997479346854 -0.3672209553030555 -0.1615481925551594 -0.2945046175230612 -0.2792844679756311 nan -0.021400499456362475 -0.26778423102590043 -0.04455295656243597 0.06281741379139386 -0.07691168007561558
0 0.10022041409986837 0.11196798728413729 nan 0.047946330148538434 nan 0.03083616612917037 0.06492127364386814 0.11575981603464654 2.7859549941997212e-16 0.09677760301278511 0.04134954925725691 nan 0.0876886956657829 nan -0.04794633014853841 nan -0.04736863793753065 -0.16640369392523785 -0.21815217417948682 0.4473731063727527 0.566743927545533 0.6412483689704642 0.6335069272397866 nan 0.062110960618916425 -0.2204669395130534 0.04642070825485281 0.12666611148001658 -0.1423702189655885
0 0.08238898354981661 0.09770401435159638 nan 0.047946330148538434 nan -0.012191496227354253 -0.03689392259574192 nan 0.17516982465463068 nan 0.13001447250490028 nan 0.27889495892989785 nan 0.04794633014853841 nan 0.04430681477927924 -0.030268888455979182 0.01947910480073083 0.3581676594132832 0.4270266039055249 0.5184471616553861 0.5006834756923851 nan 0.06290285080141407 nan -0.0453298413911624 -0.0010202700685834915 0.03712306975931471
0 -0.2087035428161965 -0.19475891374403906 nan nan nan nan nan 0.11677484162422844 0.31479755725935393 nan 0.13064198757796952 nan 0.19993139259331943 nan 0.04794633014853841 nan 0.047470726513929105 -0.035448108547191895 0.15311854991560173 0.3581676594132829 0.4166259813806975 0.5693212340880589 0.5702676102787925 nan 0.07068041790548149 -0.13032359342263064 -0.04794633014853843 0.003141300981621207 0.09780086980821633
0 nan nan nan nan nan nan nan nan nan nan nan nan -0.2297341458681703 nan nan nan 0.04794633014853841 -0.20542207647371202 0.15420097774562172 0.35816765941328305 0.14874211718398858 0.15833655396907176 0.16643757148392066 nan nan 0.30855921831763705 nan nan -0.2570936061090557
0 nan nan nan nan nan nan nan nan nan nan nan nan nan nan 0.04794633014853841 nan 0.03333333333333332 0.03333333333333336 nan -0.35816765941328293 -0.30515261447039604 -0.3913889729991485 -0.3913889729991485 nan 0.033333333333333354 nan nan nan nan
0 nan nan nan nan nan nan nan nan 0.15515822270854382 nan nan nan nan nan -0.04794633014853841 nan 0.04794633014853841 0.08723567442899588 nan nan 0.07272947706297145 -2.0009865601117634e-17 0.021513254455050902 nan nan nan nan nan -1.0
0 nan nan nan nan nan nan nan nan nan nan nan nan -0.11677484162422844 nan 0.04794633014853841 nan 0.0358832835468376 -0.050460839234958164 nan nan nan nan nan nan nan -0.03333333333333333 nan nan -0.0862212015061252
0 nan nan nan nan nan nan nan nan nan nan nan nan nan nan nan nan nan nan nan nan nan nan nan nan nan nan nan nan nan
0 nan nan nan nan nan nan nan nan nan nan nan nan nan nan 0.04794633014853841 nan 0.03333333333333332 0.03333333333333336 nan nan nan nan nan nan nan nan nan nan nan
0 nan nan nan nan nan nan nan nan 0.15515822270854385 nan nan nan nan nan -0.04794633014853841 nan 0.04735358215371713 0.1608061534638825 nan -0.3581676594132831 0.0475221726906837 -0.03259489271203783 -0.01079186195626033 nan 0.03333333333333335 -0.3373782228510226 0.04733487615432213 0.11031046310851372 -0.4843789783108276
0 nan nan nan nan nan nan nan nan nan nan nan nan nan nan nan nan -0.04532984139116246 0.03333333333333336 nan nan 0.07027283689263056 0.05976143046671962 0.05976143046671962 nan nan nan nan nan 0.05875368656523094
0 nan nan nan nan nan nan nan nan nan nan nan nan -0.24751319646863618 nan nan nan 0.04794633014853841 -0.07027283689263067 -6.164914188315221e-18 nan nan nan nan nan -0.06844056055403316 -0.03333333333333333 nan nan -0.06408026367951924
0 nan nan nan nan nan nan nan nan nan nan nan nan -0.22973414586817043 nan nan nan nan nan 0.12566761606227733 0.35816765941328293 0.19948124964375885 0.2619047619047618 0.2619047619047618 nan nan 0.23288900389583278 nan nan -0.0778062443457646
0 nan nan nan nan nan nan nan nan nan nan nan nan nan nan nan nan 0.04794633014853841 nan 0.09434510634757261 0.35816765941328293 0.19948124964375885 0.2619047619047618 0.2619047619047618 nan nan 0.30325212754576925 nan nan -0.12373190531772257
0 nan nan nan nan nan nan nan nan nan nan nan nan nan nan nan nan nan nan nan 0.35816765941328293 0.13209898731686953 0.26013299085723585 0.24275207811380609 nan nan nan nan nan -0.1076763804116331
0 nan nan nan nan nan nan nan nan nan nan nan nan -0.1076763804116331 nan nan nan -0.04794633014853841 nan nan nan nan nan nan nan nan nan nan nan -0.12373190531772257
0 nan nan nan nan nan nan nan nan nan nan nan nan 0.1076763804116331 nan nan nan 0.04794633014853841 nan nan nan nan nan nan nan nan nan nan nan 0.12373190531772255
0 nan nan nan nan nan nan nan nan nan nan nan nan nan nan nan nan nan nan nan nan nan nan nan nan nan nan nan nan nan
0 nan nan nan nan nan nan nan nan nan nan nan nan -0.10767638041163308 nan 0.04794633014853841 nan 0.04794633014853842 nan nan nan nan nan nan nan nan nan nan nan 0.09779374087931923
0 nan nan nan nan nan nan nan nan nan nan nan nan nan nan nan nan nan nan nan nan nan nan nan nan nan nan nan nan nan
0 nan nan nan nan nan nan nan nan -0.1767766952966091 nan nan nan 0.033333333333239956 nan -0.04794633014853824 nan 0.03333333333333334 -0.04532984139115099 nan 0.04794633014851876 -0.07851414852179038 -0.07287581910283837 -0.07287581910282595 nan nan -0.4407642541691529 nan nan 0.09183209532911457
0 nan nan nan nan nan nan nan nan -0.1767766952966091 nan nan nan 0.33308166600161365 nan -0.04794633014853824 nan 0.03332480230761331 -0.04532984139115099 -0.09880599517674969 -0.3581676594133081 -0.14885833990935027 -0.1616310090713666 -0.16163100907136566 nan nan -0.07947885593578545 nan nan 0.1296271291304192
0 nan nan nan nan nan nan nan nan -0.1767766952966091 nan nan nan -0.1059211312507678 nan -0.04794633014853824 nan 0.03335038967949222 -0.04532984139115099 -0.07112382267486847 -0.3581676594133081 -0.14885833990935027 -0.1616310090713666 -0.16163100907136566 nan nan -0.07947885593578545 nan nan 0.12727272727272548
0 nan nan nan nan nan nan nan nan nan nan nan nan -0.22973414586817045 nan nan nan 0.04794633014853841 nan 0.18559214542766742 0.35816765941328293 0.19948124964375885 0.2619047619047618 0.2619047619047618 nan nan 0.3039323189164913 nan nan -0.11413844188055969
0 -0.12865350418052304 -0.11516335992624285 nan nan nan nan nan nan 0.08996768430164778 nan nan nan 0.2318456293659185 nan -0.04794633014853844 nan -0.04718954046016703 -0.14153197131580747 -0.08739824029060454 0.328361327056172 0.11143745353684353 0.22631893570629388 0.21336423589733727 nan 0.05196842609236799 -0.2140904385637623 -0.04773593402630218 nan 0.11452901534849284
0 nan nan nan nan nan nan nan nan 0.08919918689500779 nan nan nan 0.22115041474892236 nan -0.04794633014853844 nan -0.04712098461922732 -0.09345173727846875 -0.08215893005739924 0.35816765941328293 0.3373234462531805 0.47104649269095883 0.46887476384524646 nan -0.02362561264472865 0.2799966677116885 0.047735934026302045 nan -0.07321839004914994
0 nan nan nan nan nan nan nan nan 0.08875083451125919 nan nan nan 0.09986698547051633 nan 0.04794633014853844 nan 0.04774196407951938 -0.1643890778217491 0.13654425942533696 0.352010590157388 0.12628099066541912 0.07268927942434673 0.09407834495011151 nan 0.052283234925178716 0.2864509982153102 0.047735934026302045 0.0964154012228325 -0.07531235290778183
0 nan nan nan nan nan nan nan nan nan nan nan nan nan nan nan nan nan nan nan nan nan nan nan nan nan nan nan nan nan
0 0.0552899823406085 0.07910740875576588 nan 0.047946330148538434 nan nan nan 0.11677484162422849 -0.050874048982135746 nan 0.11471699995969975 nan 0.10539468494586043 nan -0.047946330148538434 nan 0.04775451422940674 0.22446249692265274 0.23511383668685362 0.358167659413283 0.2407156394864483 0.22034433171993337 0.23167782031643244 nan 0.021044908590162566 0.2593419587115503 -0.04794633014853844 -0.08944271909998786 -0.12541554221433834
0 nan nan nan nan nan nan nan nan nan nan nan nan nan nan nan nan nan nan nan nan nan nan nan nan nan nan nan nan nan
0 nan nan nan nan nan nan nan nan nan nan nan nan 0.047908466044641086 nan nan nan 0.04794633014853842 nan 0.03492555390234803 0.35705533081198554 0.19866621322530834 0.2609805355365023 0.26098053553650236 nan nan 0.31569860474206957 nan nan -0.11827253377520135
0 0.014939523961147765 -0.007757534042243409 nan -0.047946330148538434 nan nan nan nan 0.08329866208887392 nan -0.11471699995969975 nan 0.09885642278387317 nan 0.04794633014853841 nan 0.04793648063278317 -0.24869587032790236 -0.29350295628777306 -0.36219690064986976 -0.18169311652630468 -0.23623962899722648 -0.1930845935317615 nan -0.02213184986765489 0.1313541842364377 0.047674417838185865 0.089442719099991 0.06968240528921354
0 nan nan nan nan nan nan nan nan 0.05976143046671967 nan nan nan -0.00037328039696784757 nan 0.04794633014853839 nan 0.047795409711714774 0.07027283689263081 0.08830945325821671 0.35816765941328277 0.04958049493124536 -0.023037526177802723 -0.0013159033899195522 nan nan 0.2573140366684627 nan nan -0.11922325938082731
0 0.08909813019790662 0.14336583458970806 nan nan nan -0.026820280178516686 -0.006882327126546892 0.11351673439755668 0.0637783870407413 0.05976143046671959 0.11246738996342512 nan 0.04622680716237483 nan -0.04794633014853844 nan 0.04793391756347026 -0.07910265751580199 0.18556667509875088 0.34894811388584474 0.45608249236522375 0.5881568378390767 0.5868523980428711 nan -0.04182770840506499 0.18629214600435512 -0.04794633014853843 -0.05976143046671959 -0.12404619617732572
0 nan nan nan nan nan nan nan nan nan nan nan nan nan nan nan nan nan nan nan nan nan nan nan nan nan nan nan nan nan
0 nan nan nan nan nan nan nan nan 0.1551582227085438 nan nan nan nan nan 0.04794633014853841 nan 0.04794633014853841 0.08915558282417288 nan nan -0.012422599874998832 -0.09860132971832693 -0.07779730694816726 nan 0.08006407690254357 -0.297609523657138 nan nan -0.695221787153807
0 nan nan nan nan nan nan nan nan nan nan nan nan nan nan nan nan 0.03333333333333333 -0.1767766952966369 nan -0.35816765941328305 -0.1320989873168695 -0.260132990857236 -0.2427520781138061 nan nan nan nan nan nan
0 nan nan nan nan nan nan nan nan nan nan nan nan -0.08353522035239853 nan nan nan nan -0.24931757052716652 nan nan -0.012422599874998832 -0.09860132971832693 -0.07779730694816726 nan -0.07010552037690532 0.297609523657138 0.04794633014853841 -0.23884709984484376 -0.2962189932740739
0 nan nan nan nan nan nan nan nan nan nan nan nan nan nan nan nan nan nan nan nan nan nan nan nan nan nan nan nan nan
0 nan nan nan nan nan nan nan nan 0.1551582227085438 nan nan nan nan nan nan nan 0.03333333333333333 0.07014723744122017 nan nan 0.3236407573700493 0.29344694769431684 0.31255251659561484 nan nan nan nan nan nan
0 nan nan nan nan nan nan nan nan 0.1551582227085438 nan nan nan nan nan nan nan 0.03333333333333333 0.07976772519998071 nan nan 0.32710225430843876 0.2970442628930023 0.3169328455231937 nan 0.03333333333333333 nan nan nan nan
0 nan nan nan nan nan nan nan nan 0.1551582227085438 nan nan nan nan nan nan nan 0.0 0.32245979905032784 nan 0.32900924368658596 0.4616420099643504 0.47110755334075954 0.4724798474020173 nan 0.0797088487801986 -0.3088630059988458 nan nan 0.3144586166421065
0 0.0076638351417026625 -0.022981405927399022 nan -0.04794633014853841 nan 0.15429742467552934 0.12356183889141195 0.11677484162422844 -0.1273845618923502 -0.04198351454986561 0.0 nan -0.1316694573445631 nan 0.04794633014853841 nan 0.04791968589521738 0.25510317435272556 0.21295089413541418 -0.3862282425886009 0.06782898895278318 0.0 0.03800130759437085 nan 0.0 0.21506875086931437 -0.04791968589521738 0.0 -0.28617796892180997
0 0.12196637892133069 0.09165432270365781 nan -0.04794633014853841 nan 0.09256814712229225 0.06167091549563931 0.11677484162422844 0.0 -0.0527557063062417 0.02125162821130893 nan -0.08911362396257021 nan 0.04794633014853841 nan 0.04791968589521738 0.13390108417123195 0.03503193882624218 -0.3862282425886009 -0.20700747374907036 -0.33351019730514914 -0.31867612196263934 nan -0.010271648984176221 -0.2456184043747657 -0.04791968589521738 0.04104470929523509 -0.10217543487626218
0 0.11896480907039361 0.14876757458274814 nan 0.04794633014853841 nan 0.11386171979348936 0.14507184981240095 0.11509936249981252 0.0 0.08286994736235441 -0.042526496216810275 nan 0.1026326909374668 nan -0.04794633014853841 nan -0.04791968589521738 -0.29712036160127303 -0.23493230501047244 0.3862282425886009 0.4806809680753605 0.5153889758758067 0.5117859582429906 nan 0.11301121882593933 -0.2053072428689193 0.04791968589521738 0.09259623476184815 -0.16402848257960914
0 0.08586137653785332 0.10089907816093972 nan 0.04794633014853841 nan 0.045827161351828904 0.015341162953521026 nan 0.30395950616449996 nan -0.010651449400102295 nan 0.2771365173807042 nan 0.04794633014853841 nan 0.04791968589521738 0.01025282301562644 0.0 0.35816765941328305 0.39206354473826077 0.49119539033431237 0.487748362551011 nan 0.1244492262413485 nan -0.04791968589521738 0.03225319296404371 0.0
0 -0.2087035428161965 -0.19475891374403906 nan nan nan nan nan 0.11677484162422844 0.31479755725935393 nan 0.13064198757796952 nan 0.19993139259331943 nan 0.04794633014853841 nan 0.047470726513929105 -0.035448108547191895 0.15311854991560173 0.3581676594132829 0.4166259813806975 0.5693212340880589 0.5702676102787925 nan 0.07068041790548149 -0.13032359342263064 -0.04794633014853843 0.003141300981621207 0.09780086980821633
0 nan nan nan nan nan nan nan nan nan nan nan nan -0.22973414586817034 nan nan nan 0.04794633014853841 -0.20675517342128535 0.15418014786888132 0.35816765941328305 0.047729149610234695 -0.013600965966130462 0.0 nan nan 0.3061572854997361 nan nan -0.23237559353065732
0 nan nan nan nan nan nan nan nan nan nan nan nan nan nan 0.04794633014853841 nan 0.03333333333333333 0.03333333333333333 nan -0.35816765941328305 -0.3447385170498774 -0.43856706939848866 -0.43856706939848866 nan 0.03333333333333333 nan nan nan nan
0 nan nan nan nan nan nan nan nan 0.1551582227085438 nan nan nan nan nan -0.04794633014853841 nan 0.04794633014853841 0.08915558282417288 nan nan 0.06737998915669065 0.0 0.027782445919610207 nan nan nan nan nan -1.0
0 nan nan nan nan nan nan nan nan nan nan nan nan -0.11677484162422844 nan 0.04794633014853841 nan 0.04791968589521738 -0.09915891705539534 nan nan nan nan nan nan nan -0.03333333333333333 nan nan -0.08881464244407108
0 nan nan nan nan nan nan nan nan nan nan nan nan nan nan nan nan nan nan nan nan nan nan nan nan nan nan nan nan nan
0 nan nan nan nan nan nan nan nan nan nan nan nan nan nan 0.04794633014853841 nan 0.03333333333333333 0.03333333333333333 nan nan nan nan nan nan nan nan nan nan nan
0 nan nan nan nan nan nan nan nan 0.1551582227085438 nan nan nan nan nan -0.04794633014853841 nan 0.04791968589521738 0.2160136296243683 nan -0.35816765941328305 0.0058899446135772466 -0.08040564519321011 -0.0472144867392828 nan 0.03333333333333333 -0.33099346043240363 0.04791968589521738 0.09201368544254382 -0.3152462679342341
0 nan nan nan nan nan nan nan nan nan nan nan nan nan nan nan nan -0.04791968589521738 0.03333333333333333 nan nan 0.07027283689263066 0.05976143046671968 0.05976143046671968 nan nan nan nan nan 0.05969269964413234
0 nan nan nan nan nan nan nan nan nan nan nan nan -0.27699534447287294 nan nan nan 0.04794633014853841 -0.07027283689263066 0.0 nan nan nan nan nan -0.07010552037690532 -0.03333333333333333 nan nan -0.07008468973601258
0 nan nan nan nan nan nan nan nan nan nan nan nan -0.22973414586817034 nan nan nan nan nan 0.22691078808008763 0.35816765941328305 0.1994812496437588 0.2619047619047619 0.2619047619047619 nan nan 0.42088342464732104 nan nan -0.07986614315869564
0 nan nan nan nan nan nan nan nan nan nan nan nan nan nan nan nan 0.04794633014853841 nan 0.18059364146807888 0.35816765941328305 0.1994812496437588 0.2619047619047619 0.2619047619047619 nan nan 0.2966895538404153 nan nan -0.12512619892159138
0 nan nan nan nan nan nan nan nan nan nan nan nan nan nan nan nan nan nan nan 0.35816765941328305 0.1320989873168695 0.260132990857236 0.2427520781138061 nan nan nan nan nan -0.1076763804116331
0 nan nan nan nan nan nan nan nan nan nan nan nan -0.1076763804116331 nan nan nan -0.04794633014853841 nan nan nan nan nan nan nan nan nan nan nan -0.12512619892159138
0 nan nan nan nan nan nan nan nan nan nan nan nan 0.1076763804116331 nan nan nan 0.04794633014853841 nan nan nan nan nan nan nan nan nan nan nan 0.12512619892159138
0 nan nan nan nan nan nan nan nan nan nan nan nan nan nan nan nan nan nan nan nan nan nan nan nan nan nan nan nan nan
0 nan nan nan nan nan nan nan nan nan nan nan nan -0.1076763804116331 nan 0.04794633014853841 nan 0.04794633014853841 nan nan nan nan nan nan nan nan nan nan nan 0.0746695357448091
0 nan nan nan nan nan nan nan nan nan nan nan nan nan nan nan nan nan nan nan nan nan nan nan nan nan nan nan nan nan
0 nan nan nan nan nan nan nan nan -0.1767766952966369 nan nan nan 0.03333333333333333 nan -0.04794633014853841 nan 0.03333333333333333 -0.04791968589521738 nan 0.04794633014853841 -0.18463452923768484 -0.2302914653906734 -0.2302914653906734 nan nan -0.3850963563064452 nan nan 0.0976497192574607
0 nan nan nan nan nan nan nan nan -0.1767766952966369 nan nan nan 0.2800921852269662 nan -0.04794633014853841 nan 0.0 -0.04791968589521738 -0.08818578410396276 -0.35816765941328305 -0.34341479757995447 -0.4247953952428732 -0.4247953952428732 nan nan -0.053390773665902974 nan nan 0.13345791900201906
0 nan nan nan nan nan nan nan nan -0.1767766952966369 nan nan nan -0.10822590423557131 nan -0.04794633014853841 nan 0.04791968589521738 -0.04791968589521738 -0.15134641149172837 -0.35816765941328305 -0.34341479757995447 -0.4247953952428732 -0.4247953952428732 nan nan -0.053390773665902974 nan nan 0.13277873943302093
0 nan nan nan nan nan nan nan nan nan nan nan nan -0.22973414586817034 nan nan nan 0.04794633014853841 nan 0.18559214542766742 0.35816765941328305 0.1994812496437588 0.2619047619047619 0.2619047619047619 nan nan 0.3061572854997361 nan nan -0.1232723749725483
0 -0.1286535041805354 -0.11516335992621968 nan nan nan nan nan nan 0.0 nan nan nan 0.267418065045018 nan -0.04794633014853841 nan -0.04791968589521738 -0.204682750742783 -0.14437915714621583 0.32900924368658596 0.17901397017637627 0.3019497926428237 0.28734217893841796 nan 0.03120612102663187 -0.20493141316583766 -0.04791968589521738 nan -0.09334508120348092
0 nan nan nan nan nan nan nan nan 0.0 nan nan nan 0.2592918922318915 nan -0.04794633014853841 nan -0.04791968589521738 -0.10621535366108449 -0.14397960354431893 0.35816765941328305 0.31306971554772683 0.46515691924200286 0.4619043783749021 nan -0.041616877858174285 0.24707519876781206 0.04791968589521738 nan -0.2696354998942453
0 nan nan nan nan nan nan nan nan 0.0 nan nan nan -0.010233063029993224 nan 0.04794633014853841 nan 0.04791968589521738 -0.19880798977240344 0.04086191818353842 0.3434455061514133 0.1844875109477676 0.157147607852028 0.18101658071448867 nan 0.03152125859780576 0.24569312477533048 0.04791968589521738 0.09820613241770824 -0.15475567888879319
0 nan nan nan nan nan nan nan nan nan nan nan nan nan nan nan nan nan nan nan nan nan nan nan nan nan nan nan nan nan
0 0.07854302584754257 0.11069087702290564 nan 0.04794633014853841 nan nan nan 0.11677484162422844 0.0 nan 0.053251400659091966 nan 0.06153572093621773 nan -0.04794633014853841 nan 0.04791968589521738 0.2758179477388843 0.3074908622016849 0.35816765941328305 0.2795265317390418 0.2514361725632448 0.24967804236481195 nan 0.010307493911493989 0.21830573480936974 -0.04794633014853841 -0.08944271909999159 -0.13407220579326667
0 nan nan nan nan nan nan nan nan nan nan nan nan nan nan nan nan nan nan nan nan nan nan nan nan nan nan nan nan nan
0 nan nan nan nan nan nan nan nan nan nan nan nan 0.04791968589521738 nan nan nan 0.04794633014853841 nan 0.15181099653147806 0.32913527672843773 0.17827795219534842 0.23782140794357318 0.23782140794357318 nan nan 0.3054845171467267 nan nan -0.12291140091803335
0 -0.07854302584754257 -0.11069087702290564 nan -0.04794633014853841 nan nan nan nan 0.0 nan -0.053251400659091966 nan -0.061510680967353425 nan 0.04794633014853841 nan 0.04791968589521738 -0.2759573271746025 -0.3070541294997063 -0.38637619442034 -0.2123708034524274 -0.30162654044369774 -0.26207895119933416 nan 0.1028215276949997 0.020497307012595202 0.04791968589521738 0.08944271909999159 -0.06230793908995924
0 nan nan nan nan nan nan nan nan 0.05976143046671968 nan nan nan 0.020621349491963044 nan 0.04794633014853841 nan 0.04791968589521738 0.07027283689263066 0.14500735078935045 0.35816765941328305 0.19228918274006665 0.16595807691674694 0.19104767748037044 nan nan 0.20814981434807397 nan nan -0.12294735569455728
0 0.16647806851624214 0.20179815632187945 nan nan nan 0.07882557202269197 0.1112518030958016 0.11509936249981252 0.0 0.05976143046671968 0.1069380125463906 nan -0.04201039547112349 nan -0.04794633014853841 nan 0.04791968589521738 -0.010229953464047538 0.1634146696701657 0.32900924368658596 0.3352858394561747 0.4523914084390732 0.4492308073407416 nan -0.15719809558610176 0.22462715348879067 -0.04794633014853841 -0.05976143046671968 -0.19470462654728055
0 nan nan nan nan nan nan nan nan nan nan nan nan nan nan nan nan nan nan nan nan nan nan nan nan nan nan nan nan nan