P1,P2,S10,S25,S33,S35,S37,S39,S40,S41,S46,S47,S5,S53,S55,S6,S64,S7,S70,S8,S9,S117,S118,S112,S113,S114,S115,S123,S127,S201,S202,S203,S73,S100,S101,S102,S106,S107,S108,S122,S124,S126,S109,S110
0 nan nan nan nan nan nan nan nan 0.10767638041163315 nan nan nan nan 0.04794633014853841 0.04794633014853841 0.03333333333333333 0.07027283689263066 0.09263928578395808 nan -0.24184305584506136 -0.12229338312118167 -0.27368617561527403 -0.2736861756152742 -0.08006407690254354 0.1107018606925119 0.16888199063418033 nan nan 0.0702728368926307
0 nan nan nan nan nan nan nan nan nan nan nan nan nan nan nan nan 0.0679259594696179 -0.1739930404175721 nan -0.14520057987419366 -0.007093804422989582 -0.17677669529663687 -0.16035674514745457 nan nan nan nan nan nan
0 nan nan nan nan nan nan nan nan nan nan nan -0.059761430466719674 -0.1338561503036855 nan nan -0.047946330148538406 -0.047946330148538406 0.16930399095627385 -0.06656548747379408 -0.2418430558450613 -0.09321974500142692 -0.25185699403527284 -0.2518569940352728 nan -0.10369603322863769 -0.16888199063418036 0.09860132971832691 -0.11539434731543853 0.09079924251728744
0 nan nan nan nan nan nan nan nan nan nan nan nan nan nan nan nan nan nan nan nan nan nan nan nan nan nan nan nan nan
0 nan nan nan nan nan nan nan nan 0.1076763804116331 nan nan nan nan nan nan nan 0.04794633014853839 0.06792595946961791 nan -0.4284227144590472 -0.1862421375394548 -0.32769113912322856 -0.3276911391232284 nan 0.033333333333333354 nan nan nan nan
0 nan nan nan nan nan nan nan nan 0.1076763804116331 nan nan nan nan nan nan nan 0.045329841391162445 0.0759326396601999 nan -0.35816765941328293 -0.15593358095106663 -0.2970442628930021 -0.2970442628930023 -0.08006407690254354 0.033333333333333354 nan nan nan nan
0 nan nan nan nan nan nan nan nan 0.10767638041163313 nan nan nan nan -0.04794633014853841 -0.0479463301485384 -0.04816975231927488 0.001292707412962309 0.040085767538220456 nan -0.4306563509259281 -0.18991276285074465 -0.3183230920669623 -0.3183230920669623 -0.08006407690254358 0.10137127590566182 0.16939154824221173 nan nan -0.07280755783702289
0 0.02143332200567892 9.44303521251792e-16 -0.11516335992621964 -0.12865350418053537 -0.07954039022302699 -0.026408409776724956 -0.05096104243350572 0.16500372084224435 -0.06167708901222873 -0.05903389329529182 0.07790588048391911 -0.08005739302865378 -0.08643888235046425 0.051105459381487854 0.051898037897518054 nan 0.04030928325278177 0.056166765304066266 0.14092996696810026 -0.15920713546690798 -0.012980870395214065 -0.18316015295713478 -0.16728785841293062 0.08004137127290818 0.034214518157287724 -0.3327130359196595 -0.04794633014853793 -0.2209465170011101 -0.11650532006511272
0 -0.0359878741292846 -0.06087186665471949 -0.11516335992621964 -0.12865350418053537 -0.08006407690254354 -0.07764898738442023 -0.10189544205258141 0.1649029485974716 -0.03197427430240856 0.05619339869416365 0.08260681233618722 -0.0796811887574836 -0.1447373951195783 0.049602212645450366 0.05007646698174564 nan 0.04063511101960323 0.023413760343787532 0.09717654532597005 -0.11825949077891013 0.01975809855290844 -0.145592258621771 -0.1296745466914536 0.08003907481454725 0.029618562359752663 0.006934614343585928 -0.03727572472867454 -0.15124111295848483 0.13396978213523072
0 -0.14285444743426426 -0.12982288508564424 0.11516335992621975 0.12865350418053548 0.07955339742155976 -0.06790016292844527 -0.05987109429616526 0.1640299655441423 -0.007994619504967946 0.07602110629037655 0.16172159825557822 -0.07988700610375808 0.03695745099644168 -0.11497746028198434 -0.1284481239406787 -0.06572086530554098 -0.0932173359334756 0.07166727169233163 -0.2411777380286876 -0.1533865894427227 -0.06212410197359914 -0.09680309389442053 -0.10830845669137686 -0.07989428399153976 0.19834415600997327 -0.32477408603082825 0.051387901049457854 0.11608269528255483 0.2860232911672964
0 0.1517320444811146 0.16478470175630267 0.11516335992621933 0.1286535041805354 nan -0.14685286632918435 -0.16949786050838597 nan 0.12244211037050576 nan 0.11130734396473052 -0.07615898653011517 0.1300783161997187 0.04514684650108658 0.04432030088954301 -0.04794633014853843 0.08786075794087043 0.0356584898287075 0.15467627174648213 0.0673366454038996 0.2014100375373111 0.2437097075816549 0.24848217413324417 -0.08006407690254355 0.039148794847421606 nan -0.09641540122282997 -0.07324415596591895 0.09624732691800097
0 -0.14182715723279885 -0.12865350418052876 nan nan nan nan nan 0.16568337391590277 0.17546834397505043 nan 0.11486883013369512 0.07287746619200575 0.12105023294070351 0.04650696890025336 0.04609641582681275 0.07723792618179896 0.09483265821768601 0.0019025267780569013 0.22050605618244976 0.059800368947204086 0.04661085606073365 0.16166505945452217 0.16441368776578177 -0.08006407690254355 0.039005079458285644 -0.11677484162422991 -0.09479098097049968 0.014098803427890386 -0.11783222367902609
0 nan nan nan nan nan nan nan nan nan nan nan 0.07589502311127302 -0.033333333333333395 nan nan 0.08006407690254357 0.09445598491097246 0.10357447130687318 0.04555937978847915 -0.16391764329015235 -0.12899740481967337 -0.1791052755877682 -0.1696428571428571 nan -0.03333333333333333 -0.1576590607149418 nan -0.06792595946961791 -0.29465523145933886
0 nan nan nan nan nan nan nan nan nan nan nan nan nan 0.04794633014853841 0.04794633014853841 nan 0.03333333333333329 0.033333333333333354 nan 0.09770401435159613 0.16008006005004383 0.13613529495622556 0.1361352949562256 -0.08006407690254354 0.033333333333333354 nan nan nan nan
0 nan nan nan nan nan nan nan nan 0.1076763804116331 nan nan nan nan -0.04794633014853841 -0.04794633014853841 nan 0.06617825960083583 0.08723567442899584 nan -0.27357175112812454 -0.13670414920128862 -0.28787187953293636 -0.2878718795329364 nan 0.033333333333333354 nan nan nan 0.04794633014853839
0 nan nan nan nan nan nan nan nan nan nan nan -0.04532984139116248 -0.16568337391590268 0.04794633014853839 0.04794633014853838 0.08006407690254354 0.048746801518060434 -0.06851575236758882 0.07589502311127304 nan nan nan nan nan 0.0333333333333333 -0.08944271909999159 nan -0.002192903281314403 -0.033333333333332986
0 nan nan nan nan nan nan nan nan nan nan nan nan nan nan nan nan nan nan nan nan nan nan nan nan nan nan nan nan nan
0 nan nan nan nan nan nan nan nan nan nan nan nan nan 0.04794633014853841 0.04794633014853841 nan 0.03333333333333329 0.033333333333333354 nan nan nan nan nan nan 0.033333333333333354 nan nan nan nan
0 nan nan nan nan nan nan nan nan 0.10767638041163313 nan nan nan nan -0.05719862720430831 -0.0571986272043083 0.05973888183553993 0.06855376345876495 0.02541899828193613 0.07496961396931286 -0.2640685225683554 -0.12087225468043948 -0.27718591824124333 -0.27711061147389066 -0.08006407690254355 0.03333333333333332 0.11277606725229251 0.09673003327104873 -0.03319387535772633 -0.008117156183203874
0 nan nan nan nan nan nan nan nan nan nan nan -0.08006407690254354 nan nan nan -0.08006407690254354 -0.09641540122283004 0.08006407690254354 -0.07589502311127304 nan 0.07027283689263059 0.05976143046671963 0.05976143046671961 nan 0.033333333333333354 nan nan -0.07589502311127304 nan
0 nan nan nan nan nan nan nan nan nan nan nan 0.02507238509347466 -0.0441865098853402 nan nan 0.07989004876351984 0.03254321083907376 -0.06807070002068502 -0.10912628762183445 nan -0.07027283689263064 -0.07987645247078407 -0.10019397859703957 nan -0.10378671109892038 -0.08723567442899587 nan -0.06408026367951926 -0.03333333333333333
0 nan nan nan nan nan nan nan nan nan nan nan 0.08006407690254354 -0.1656833739159028 nan nan 0.08006407690254354 nan nan 0.354826210058195 -0.0859602382591879 -0.12598815766974242 -0.1071428571428571 -0.10714285714285708 nan nan -0.06792595946961791 nan nan -0.08531131448088854
0 nan nan nan nan nan nan nan nan nan nan nan 0.08006407690254354 0.08006407690254354 nan nan 0.08006407690254354 0.09860132971832693 -0.04794633014853841 -0.11456191485062392 -0.0859602382591879 -0.12598815766974242 -0.1071428571428571 -0.10714285714285708 nan nan -0.11456191485062389 nan nan -0.1309120337581334
0 nan nan nan nan nan nan nan nan nan nan nan nan nan nan nan nan nan nan nan 0.14520057987419369 0.007093804422989568 0.17677669529663692 0.1603567451474546 nan nan nan nan nan -0.15515822270854374
0 nan nan nan nan nan nan nan nan nan nan nan nan -0.15515822270854374 nan nan nan -0.09860132971832693 0.03333333333333333 nan nan nan nan nan nan nan nan nan nan -0.17399304041757213
0 nan nan nan nan nan nan nan nan nan nan nan nan 0.15515822270854374 nan nan nan 0.09860132971832693 -0.03333333333333333 nan nan nan nan nan nan nan nan nan nan 0.17399304041757213
0 nan nan nan nan nan nan nan nan nan nan nan nan nan nan nan nan nan nan nan nan nan nan nan nan nan nan nan nan nan
0 nan nan nan nan nan nan nan nan nan nan nan nan -0.15515822270854382 0.11516335992621969 0.1286535041805354 nan 0.09860132971832691 -0.04783283888606173 nan nan nan nan nan nan nan nan nan nan 0.14403381619609548
0 nan nan nan nan nan nan nan nan nan nan nan nan nan nan nan nan nan nan nan nan nan nan nan nan nan nan nan nan nan
0 nan nan nan nan nan nan nan nan -0.12598815766978816 nan -0.05353729576861973 nan 0.033333333333166695 -0.0652019862276445 -0.06520198622765205 nan 0.03333333333333333 -0.0441203504369372 nan 0.06520198622760806 -0.05697486883878529 -0.04845257161965057 -0.04845257161972423 nan -0.03333333333333511 0.1014457410388356 nan nan 0.09183209532915139
0 nan nan nan nan nan nan nan nan -0.12598815766978816 nan nan nan 0.24199356522204982 -0.0652019862276445 -0.06520198622765205 -0.08006407690254512 0.03301757918298184 -0.015029659536758609 0.16125884118462605 0.09770401435164025 -0.025252754091757205 -0.021475448757700796 -0.02147544875768274 nan -0.03333333333333511 -0.07947885593576609 -0.06468350438845426 nan 0.1369743243795991
0 nan nan nan nan nan nan nan nan -0.12598815766978816 nan nan -0.08006407690254483 -0.14959120724986927 -0.0652019862276445 -0.06520198622765205 -0.08006407690254512 0.033043143652521915 -0.016836589616111366 -0.07112382267504393 0.09770401435164025 -0.025252754091757205 -0.021475448757700796 -0.02147544875768274 nan -0.03333333333333511 -0.07947885593576609 -0.07479042255487198 nan 0.13422371607024547
0 nan nan nan nan nan nan nan nan nan nan nan 0.08006407690254354 -0.07290377651343759 nan nan 0.08006407690254354 0.09860132971832693 -0.04794633014853841 0.18559214542766744 -0.0859602382591879 -0.12598815766974242 -0.1071428571428571 -0.10714285714285708 nan nan -0.10571558918834482 nan nan -0.12204806385504298
0 -0.04794633014854927 nan nan nan 0.08006407690254332 nan nan nan 0.00943911166414601 nan -0.0722985597178512 0.07613134343264508 0.03657163034649719 -0.11516335992621961 -0.1286535041805354 -0.08004987799042629 -0.09451562043835354 0.043650664769344406 -0.07111161742560454 0.21384459855969826 0.1444026192214939 0.31500206663143465 0.3098635008494285 0.07593263966020006 -0.04305966286443663 -0.01221820043131959 -0.09157015435010368 0.03333333333333335 0.16517245572223604
0 nan nan nan nan nan nan nan nan 0.012025791860162104 nan -0.07626280072956199 0.07983802003861647 0.02527560238629833 -0.11516335992621961 -0.1286535041805354 -0.08002516658172548 -0.09443015575454336 0.02595185228146091 -0.07367543574305885 -0.006595836500292577 -0.08364572817309571 0.008553186472808302 0.0006215093413165666 0.08006407690254361 0.03254681972926259 0.023135524882756997 0.09837481926898826 0.03333333333333319 -0.0941450381564212
0 nan nan nan nan 0.08006407690254332 nan nan nan 0.01379213747309369 nan -0.07184710776497481 0.08005443612927166 0.14663935333782083 0.11041030183401687 0.12103004580741837 0.08004590033241255 0.09465206270182949 -0.0431906759042665 0.15256044917863187 -0.3003252822861399 -0.08513158830131702 -0.20301226416866092 -0.18298770354710164 0.0781464665164563 -0.04506482731743931 0.018511281956974327 0.09837481926898826 0.04532984139114545 -0.1246062853979409
0 nan nan nan nan nan nan nan nan nan nan nan nan nan nan nan nan nan nan nan nan nan nan nan nan nan nan nan nan nan
0 -0.11711916349107665 -0.07409313340131411 0.11516335992621975 0.12865350418053548 0.08006407690254332 nan nan 0.16568337391590282 0.09636194255352756 nan 0.07468866122447738 0.08003326130343057 0.11362958748715775 -0.111148954436117 -0.12452429254625427 0.07934016095014162 0.09093370059921534 -0.24518646799070418 0.17618866818957063 -0.3118569781494084 -0.2800490277058454 -0.395700754188396 -0.3918738682903977 -0.08006338208369393 -0.028700775462909393 -0.05402934481658439 -0.098601329718327 -0.03333333333332113 -0.12990786457471307
0 nan nan nan nan nan nan nan nan nan nan nan nan nan nan nan nan nan nan nan nan nan nan nan nan nan nan nan nan nan
0 nan nan nan nan nan nan nan nan nan nan nan 0.08006407690254355 0.08614202401188224 nan nan 0.08006407690254355 0.09860132971832694 -0.045329841391162466 -0.044275490432160426 -0.08596008918358149 -0.12598793917615297 -0.10714267133152477 -0.10714267133152472 nan nan -0.11019398261622555 nan nan -0.1259440191052768
0 0.17221869092553604 0.1463726384610896 -0.11516335992621964 -0.12865350418053537 nan nan nan nan -0.061641332516189376 nan -0.0646670548119835 0.07990812376520472 0.1305920338175102 0.11351399919071063 0.12703616905342077 0.029900076462068294 0.08005373830349823 0.2953032740804424 -0.03771406456304646 0.09411064898358745 0.3485024355911368 0.3100870407315111 0.3288037365941078 0.08006365662824722 0.07485767260528504 0.09359574174373975 0.0983131675900668 0.03333333333333387 0.020195284759439405
0 nan nan nan nan nan nan nan nan 0.10767638041163312 nan nan 0.08005103985601056 0.06934670714056843 0.11516335992621968 0.12865350418053537 0.08004247835380393 0.09638723814190679 -0.0425328675392395 0.05886912153154331 -0.25952131364753794 -0.05835492269381511 -0.18775808683929882 -0.16910132451597218 nan 0.03333333333333335 -0.028231467598526128 nan nan -0.14929257603561713
0 -0.23831729237687127 -0.22317802113733703 nan nan nan -0.16916381763129318 -0.15823712599660592 0.16093041998227545 -0.14517730440662338 0.10767638041163312 0.14888657949982922 0.08005934122543751 0.11662868279252717 0.04204687307071352 0.06154196194831168 0.06906970140724258 0.09812536759981935 -0.06807883286376427 0.11036431980300873 0.006734282185001335 0.03319474930732466 0.10423126571576267 0.10837540759091857 0.08006231361612698 -0.09765978921817656 0.17637315499670983 -0.0986013297183271 -0.0851513669121589 -0.17028005506372657
0 nan nan nan nan nan nan nan nan nan nan nan nan nan nan nan nan nan nan nan nan nan nan nan nan nan nan nan nan nan
0 nan nan nan nan nan nan nan nan 0.1076763804116331 nan nan nan nan 0.04794633014853841 0.04794633014853841 0.03333333333333333 0.07027283689263066 0.09792674029419371 nan -0.24184305584506133 -0.12447721437309589 -0.2752305936832752 -0.2752305936832752 -0.08006407690254357 0.11609591237233642 0.17069076819167656 nan nan 0.07027283689263066
0 nan nan nan nan nan nan nan nan nan nan nan nan nan nan nan nan 0.07014723744122017 -0.17433346455211945 nan -0.14520057987419369 -0.007093804422989572 -0.17677669529663687 -0.16035674514745463 nan nan nan nan nan nan
0 nan nan nan nan nan nan nan nan nan nan nan -0.05976143046671968 -0.24205591356563927 nan nan -0.04794633014853841 -0.04794633014853841 0.18102961408587803 -0.07966967018418206 -0.24184305584506133 -0.10102356812582115 -0.25773740789526733 -0.25773740789526733 nan -0.10650645486791206 -0.17069076819167656 0.09860132971832693 -0.23797941847833065 0.1021651136039619
0 nan nan nan nan nan nan nan nan nan nan nan nan nan nan nan nan nan nan nan nan nan nan nan nan nan nan nan nan nan
0 nan nan nan nan nan nan nan nan 0.1076763804116331 nan nan nan nan nan nan nan 0.04794633014853841 0.07014723744122017 nan -0.37206596499736444 -0.1870024136529865 -0.3283212482839954 -0.3283212482839954 nan 0.03333333333333333 nan nan nan nan
0 nan nan nan nan nan nan nan nan 0.1076763804116331 nan nan nan nan nan nan nan 0.04791968589521738 0.07976772519998071 nan -0.35816765941328305 -0.1559335809510666 -0.2970442628930023 -0.2970442628930023 -0.08006407690254357 0.03333333333333333 nan nan nan nan
0 nan nan nan nan nan nan nan nan 0.1076763804116331 nan nan nan nan -0.04794633014853841 -0.04794633014853841 -0.07010552037690532 0.013942085233462593 -0.14725661636587353 nan -0.29580771271546685 -0.21336097014246186 -0.3138533188175989 -0.3138533188175989 -0.08006407690254357 0.11493575280445711 0.16921289822619426 nan nan -0.055006263973173146
0 0.015429742467552934 -0.015397199265770604 -0.11516335992621968 -0.1286535041805354 -0.07986614315869564 0.0 -0.030641874569865363 0.1597322863173913 -0.010306434287341975 -0.05250178678476138 0.020704590800222546 -0.07986614315869564 0.021734326591384245 0.11487865402731763 0.1282404902601946 nan 0.0976497192574607 0.25182056054963775 0.20340745639132088 -0.19094129556138703 0.07706836759191986 -0.05601222685623869 -0.05588918086171635 0.0797088487801986 0.03078353197142632 -0.2782737257582333 -0.04184987968176887 -0.22588404243266644 -0.13280123409649985
0 -0.030794398531541207 -0.06130394480649735 -0.11516335992621968 -0.1286535041805354 -0.08006407690254357 -0.061588797063082415 -0.09227071393782024 0.1590326233556351 0.010303257374565545 0.06304251719561152 0.020674593447078938 -0.07986614315869564 -0.1482854810827454 0.11459604928427881 0.12772300501990222 nan 0.09759459663423815 -0.010271648984176221 0.08916958228768448 -0.12406953366229509 0.15767300770329298 0.03688366716188692 0.03680461047385735 0.07976772519998071 0.010266409148614014 -0.15451711596155623 -0.04184200057416223 -0.2053281829722803 0.18386006479080452
0 -0.12011328926125978 -0.10559014390437294 0.11516335992621968 0.1286535041805354 0.0797088487801986 -0.06276925099341721 -0.05524859602516783 0.1597322863173913 -0.010239290678219541 0.01034800340349226 0.1858025349010747 -0.07966967018418206 0.030922481734481966 -0.11465240338125976 -0.12775008505943475 -0.07968925225899767 -0.0976313346730452 0.15377670241838357 -0.2758736741659079 -0.34346012800918657 -0.016289206963184394 -0.07367685922718854 -0.07351932567182139 -0.07966967018418206 0.2054749433198897 -0.2678571754639935 0.04189724798180032 0.08257890440047765 0.27727790635851635
0 0.15412588774125732 0.16699118830499482 0.11516335992621968 0.1286535041805354 nan -0.10770875617194729 -0.13825322042287547 nan 0.26070701382348727 nan 0.11413596943100422 -0.07968925225899767 0.1540590056283302 -0.06882530441920376 -0.08531156484387986 -0.04794633014853841 0.09755790003710167 0.0 0.1853254077848464 0.07658576935154508 0.21204301035960094 0.2581856701332085 0.2576585448995219 -0.08006407690254357 0.15800989491232442 nan -0.09820613241770824 -0.07615722969603858 0.09943140974816479
0 -0.14182715723279385 -0.1286535041805354 nan nan nan nan nan 0.1656833739159028 0.24946618038691765 nan 0.13455193354687978 0.07966967018418206 0.06156706394285264 -0.06882530441920376 -0.08531156484387986 0.07986614315869564 0.09755790003710167 0.0 0.2675276401633411 0.09553583771507744 0.1258834746725593 0.2722703937339217 0.2717071527630338 -0.08006407690254357 0.1489622438938382 -0.12318183337019499 -0.09766811423158216 0.1178799411333302 -0.12003366919020697
0 nan nan nan nan nan nan nan nan nan nan nan 0.07986614315869564 -0.09971448906757295 nan nan 0.08006407690254357 0.09794529229593149 0.12410474347585135 0.06607720622952057 -0.2299150542510799 -0.10184733643103942 -0.23818580058209854 -0.2223196356783702 nan -0.03333333333333333 -0.15871582498654904 nan -0.07014723744122017 -0.25273774613100797
0 nan nan nan nan nan nan nan nan nan nan nan nan nan 0.04794633014853841 0.04794633014853841 nan 0.03333333333333333 0.03333333333333333 nan 0.10089907816093972 0.16816513026823288 0.14301100089081153 0.14301100089081153 -0.08006407690254357 0.03333333333333333 nan nan nan nan
0 nan nan nan nan nan nan nan nan 0.1076763804116331 nan nan nan nan -0.04794633014853841 -0.04794633014853841 nan 0.07010552037690532 0.08915558282417288 nan -0.2527330388600988 -0.1402997793221981 -0.29050303702208735 -0.29050303702208735 nan 0.03333333333333333 nan nan nan 0.04794633014853841
0 nan nan nan nan nan nan nan nan nan nan nan -0.04791968589521738 -0.1656833739159028 0.04794633014853841 0.04794633014853841 0.08006407690254357 0.09820613241770824 -0.09854546669615599 0.07986614315869564 nan nan nan nan nan 0.03333333333333333 -0.08944271909999159 nan -0.015937850451799535 -0.03333333333333333
0 nan nan nan nan nan nan nan nan nan nan nan nan nan nan nan nan nan nan nan nan nan nan nan nan nan nan nan nan nan
0 nan nan nan nan nan nan nan nan nan nan nan nan nan 0.04794633014853841 0.04794633014853841 nan 0.03333333333333333 0.03333333333333333 nan nan nan nan nan nan 0.03333333333333333 nan nan nan nan
0 nan nan nan nan nan nan nan nan 0.1076763804116331 nan nan nan nan -0.06892719241639057 -0.06892719241639057 0.05969269964413234 0.0887958158105911 -0.1234363597853533 0.0797088487801986 -0.18170435963137127 -0.1249177901916992 -0.28234870910660465 -0.28172838896703933 -0.08006407690254357 0.03333333333333333 0.1145746593804474 0.0976313346730452 0.1124384263958162 0.021401818265257316
0 nan nan nan nan nan nan nan nan nan nan nan -0.08006407690254357 nan nan nan -0.08006407690254357 -0.09820613241770824 0.08006407690254357 -0.07986614315869564 nan 0.07027283689263066 0.05976143046671968 0.05976143046671968 nan 0.03333333333333333 nan nan -0.07986614315869564 nan
0 nan nan nan nan nan nan nan nan nan nan nan 0.0478135513553986 -0.06159217286067579 nan nan 0.07976772519998071 0.041968602983225876 -0.07008468973601258 -0.031183272548364706 nan -0.07027283689263066 -0.08591246929842244 -0.10697865343388482 nan -0.10623347760177798 -0.08915558282417288 nan -0.07008468973601258 -0.03333333333333333
0 nan nan nan nan nan nan nan nan nan nan nan 0.08006407690254357 -0.1656833739159028 nan nan 0.08006407690254357 nan nan 0.3336923354118936 -0.08596023825918793 -0.1259881576697424 -0.10714285714285714 -0.10714285714285714 nan nan -0.07014723744122017 nan nan -0.08898462277650494
0 nan nan nan nan nan nan nan nan nan nan nan 0.08006407690254357 0.08006407690254357 nan nan 0.08006407690254357 0.09860132971832693 -0.04794633014853841 -0.11609591237233642 -0.08596023825918793 -0.1259881576697424 -0.10714285714285714 -0.10714285714285714 nan nan -0.11609591237233642 nan nan -0.13347693416475742
0 nan nan nan nan nan nan nan nan nan nan nan nan nan nan nan nan nan nan nan 0.14520057987419369 0.007093804422989572 0.17677669529663687 0.16035674514745463 nan nan nan nan nan -0.1551582227085438
0 nan nan nan nan nan nan nan nan nan nan nan nan -0.1551582227085438 nan nan nan -0.09860132971832693 0.03333333333333333 nan nan nan nan nan nan nan nan nan nan -0.17433346455211945
0 nan nan nan nan nan nan nan nan nan nan nan nan 0.1551582227085438 nan nan nan 0.09860132971832693 -0.03333333333333333 nan nan nan nan nan nan nan nan nan nan 0.17433346455211945
0 nan nan nan nan nan nan nan nan nan nan nan nan nan nan nan nan nan nan nan nan nan nan nan nan nan nan nan nan nan
0 nan nan nan nan nan nan nan nan nan nan nan nan -0.1551582227085438 0.11516335992621968 0.1286535041805354 nan 0.09860132971832693 -0.04791968589521738 nan nan nan nan nan nan nan nan nan nan 0.12635038375745217
0 nan nan nan nan nan nan nan nan nan nan nan nan nan nan nan nan nan nan nan nan nan nan nan nan nan nan nan nan nan
0 nan nan nan nan nan nan nan nan -0.12598815766974242 nan -0.05969269964413234 nan 0.03333333333333333 -0.06892719241639057 -0.06892719241639057 nan 0.03333333333333333 0.0 nan 0.06892719241639057 0.07385381169507393 0.06280676328836547 0.06280676328836547 nan -0.03333333333333333 0.10623347760177798 nan nan 0.0976497192574607
0 nan nan nan nan nan nan nan nan -0.12598815766974242 nan nan nan 0.23277806292688488 -0.06892719241639057 -0.06892719241639057 -0.08006407690254357 -0.06981557015793817 0.029598605270197028 0.16534834519493016 0.10089907816093972 0.12487810821089253 0.1061988488107183 0.1061988488107183 nan -0.03333333333333333 -0.053390773665902974 -0.07976772519998071 nan 0.14180306099696194
0 nan nan nan nan nan nan nan nan -0.12598815766974242 nan nan -0.08006407690254357 -0.15330100795744098 -0.06892719241639057 -0.06892719241639057 -0.08006407690254357 -0.0418893420947629 0.015937850451799535 -0.15134641149172837 0.10089907816093972 0.12487810821089253 0.1061988488107183 0.1061988488107183 nan -0.03333333333333333 -0.053390773665902974 -0.07976772519998071 nan 0.1411182018560148
0 nan nan nan nan nan nan nan nan nan nan nan 0.08006407690254357 -0.09983315445416235 nan nan 0.08006407690254357 0.09860132971832693 -0.04794633014853841 0.18559214542766742 -0.08596023825918793 -0.1259881576697424 -0.10714285714285714 -0.10714285714285714 nan nan -0.11480898206240103 nan nan -0.1317791362118478
0 -0.04794633014853841 nan nan nan 0.08006407690254357 nan nan nan 0.0 nan -0.07966967018418206 0.0797088487801986 0.020551693268240422 -0.11516335992621968 -0.1286535041805354 -0.07976772519998071 -0.09755790003710167 0.10770357408775603 -0.07187952884282608 0.13379587591975003 0.2009621521799769 0.3684972339433487 0.36782116057694386 0.07976772519998071 -0.07305180002045274 -0.12371536968774709 -0.0976497192574607 0.03333333333333333 0.14469223121925037
0 nan nan nan nan nan nan nan nan 0.0 nan -0.07966967018418206 0.07986614315869564 0.020600166795574148 -0.11516335992621968 -0.1286535041805354 -0.0797088487801986 -0.09755790003710167 -0.05307147527430369 -0.07183556134222352 0.07637651822455481 0.10312261858243055 0.2577637116569213 0.2572914723992452 0.08006407690254357 0.010629298931363565 0.12285902336679025 0.09820613241770824 0.03333333333333333 -0.12399628016739164
0 nan nan nan nan 0.08006407690254357 nan nan nan 0.0 nan -0.07966967018418206 0.07966967018418206 0.061435744069317254 0.11462421594300187 0.12772300501990222 0.07976772519998071 0.09755790003710167 -0.15668827129412222 0.13277441910700966 -0.2671811598720346 0.059708696707264815 0.0 0.03675966283591069 0.07976772519998071 -0.06292163018659357 0.12272216077359163 0.09820613241770824 0.04791968589521738 -0.19442819756987126
0 nan nan nan nan nan nan nan nan nan nan nan nan nan nan nan nan nan nan nan nan nan nan nan nan nan nan nan nan nan
0 -0.19348020595902604 -0.16127272975781495 0.11516335992621968 0.1286535041805354 0.08006407690254357 nan nan 0.1656833739159028 0.0 nan 0.1653967475766315 0.07968925225899767 0.0512641150781322 -0.11459604928427881 -0.12769594219408303 0.0797088487801986 0.09755790003710167 -0.30643344131800754 0.1742271096070592 -0.28641194334208053 -0.3636429181590972 -0.5032016058907601 -0.5021267703326292 -0.07976772519998071 0.0 0.0 -0.09860132971832693 -0.03333333333333333 -0.252548094582307
0 nan nan nan nan nan nan nan nan nan nan nan nan nan nan nan nan nan nan nan nan nan nan nan nan nan nan nan nan nan
0 nan nan nan nan nan nan nan nan nan nan nan 0.08006407690254357 0.09774179822111344 nan nan 0.08006407690254357 0.09860132971832693 -0.04791968589521738 0.09759278348452162 -0.08586137653785332 -0.12584326037318713 -0.10701963357460793 -0.10701963357460793 nan nan -0.11455669393002252 nan nan -0.1312334645668635
0 0.21270394518666014 0.17998026131178935 -0.11516335992621968 -0.1286535041805354 nan nan nan nan 0.0 nan -0.14472215412955255 0.07966967018418206 0.21495968409883895 0.11459604928427881 0.12772300501990222 0.015937850451799535 0.09755790003710167 0.28617796892180997 -0.010241369089014971 -0.1335905799360173 0.23331094723708265 0.17177236326634793 0.20813547139687524 0.07986614315869564 0.010246570658291883 -0.030802369422636332 0.09820613241770824 0.03333333333333333 -0.1023202619296437
0 nan nan nan nan nan nan nan nan 0.1076763804116331 nan nan 0.07986614315869564 0.0 0.11516335992621968 0.1286535041805354 0.07986614315869564 0.09792674029419371 0.0 0.07245104114062757 -0.2484356057951089 0.09614459137003332 0.038749838542675774 0.07824607964359516 nan 0.03333333333333333 0.10289524621666965 nan nan -0.1648643883377143
0 -0.23831729237686844 -0.22317802113732874 nan nan nan -0.20325520164275232 -0.19109540956793106 0.1590326233556351 -0.09343266065780743 0.1076763804116331 0.19718504025775457 0.07966967018418206 0.06288817368920689 0.06875762957056729 0.0851306281293887 0.07968925225899767 0.09755790003710167 -0.04091981385619015 0.10213416854385357 0.07632447289093035 0.18988478501508924 0.25763227331700145 0.2570824197769572 0.07976772519998071 -0.09885076429275008 0.20437151855465382 -0.09860132971832693 -0.08007235611014571 -0.27612486174058115
0 nan nan nan nan nan nan nan nan nan nan nan nan nan nan nan nan nan nan nan nan nan nan nan nan nan nan nan nan nan