P1,P2,S10,S25,S33,S35,S37,S39,S40,S41,S46,S47,S5,S53,S55,S6,S64,S7,S70,S8,S9,S117,S118,S112,S113,S114,S115,S123,S127,S201,S202,S203,S73,S100,S101,S102,S106,S107,S108,S122,S124,S126,S109,S110
0 nan nan nan nan nan nan nan nan nan nan nan nan nan -0.6952217871538071 -0.6952217871538071 0.0333333333333333 -0.47434164902525694 -0.3996723472393621 nan -0.008475793795260152 -0.12229338312118171 -0.2736861756152741 -0.2923292537921831 -0.1767766952966369 -0.09990014975043668 0.043835700375960636 nan 0.047946330148538406 0.059761430466719674
0 nan nan nan nan nan nan nan nan nan nan nan nan nan nan nan nan 0.06792595946961791 -0.17399304041757213 nan -0.22317802113732874 -0.18390894961102372 -0.17285766888297116 -0.1891223790796794 nan nan nan nan nan nan
0 nan nan nan nan nan nan nan nan nan nan nan -0.05976143046671969 0.17843522346830648 nan nan -0.14509525002200238 -0.13309403051363022 -0.10673140684864654 -0.15445898760863322 -0.008475793795260131 0.05917569590099834 -0.15108428815888017 -0.15108428815888014 nan 0.19819204559084355 -0.04383570037596045 -0.11828672667603381 -0.11599561061080614 0.13180797970350466
0 nan nan nan nan nan nan nan nan nan nan nan nan nan nan nan nan nan nan nan nan nan nan nan nan nan nan nan nan nan
0 nan nan nan nan nan nan nan nan nan nan nan nan nan nan nan nan 0.05976143046671963 -0.5337039672612834 nan -0.05269852865566219 -0.18624213753945473 -0.3276911391232285 -0.32769113912322856 nan 0.04794633014853842 nan nan nan nan
0 nan nan nan nan nan nan nan nan nan nan nan nan nan nan nan nan 0.056011203361120386 -0.5125453177063494 0.033333333333333305 -0.04291885021871708 -0.1559335809510666 -0.2970442628930023 -0.2970442628930023 -0.1767766952966369 0.04794633014853842 nan nan nan nan
0 nan nan nan nan nan nan nan nan nan nan nan nan nan -0.047946330148538406 -0.047946330148538406 -0.04928986041103182 0.40898794356532897 -0.5213759615664095 -0.05156530083286799 -0.02037096544259503 -0.15468895062431498 -0.319496340526194 -0.3199613749017029 -0.17677669529663687 -0.10919542408631856 0.08001454634297774 nan -0.03360898612901554 -0.02034380671765749
0 0.0393535174354635 0.009168044364348028 -0.018750410169709207 -0.03719863313901825 -0.17478581779368207 -0.03167230329859461 -0.047946330148538 -0.14412679205769158 -0.00555186064278647 0.02054280597068126 0.302094458649778 -0.17675694630859135 0.020766838049834296 -0.6871284270467075 -0.6864215744207215 nan 0.04529456814226346 0.010829972051127111 -0.002715987786252433 -0.2134845618295661 -0.058152263719627804 -0.27260880917717245 -0.26802252191581283 0.17616359410796031 0.04663646763197492 0.07219697431870131 0.4160217106699147 0.2175292974042133 0.1376428957465873
0 -0.037373385844013104 -0.06305282887554638 -0.02217724407254569 -0.04037927743958422 -0.1749652965804186 0.12970460985129226 0.10376530029923023 -0.15274610674433356 0.01775698301108405 -0.008621010001864321 0.2719299596284237 -0.17622791258421613 0.2570961489213454 -0.6887780348737613 -0.6879178847701354 nan 0.04473898474716715 0.008355762771280636 -0.04916284164538876 -0.25401502193091186 -0.39570913249008344 -0.16372796463892408 -0.2232162332038542 0.17615209572492294 0.07077334900591982 0.10523557198323585 0.15362875750615176 0.14794522404805127 -0.20068496133116964
0 0.27875998565568616 0.3108024542433356 -0.02553399561180862 -0.008475793795263678 0.17153409742310208 -0.14182715723279118 -0.13209035882644515 -0.21733095524509224 0.10256002102494445 0.22443916805253847 0.24664928208142264 -0.16285694609948198 -0.21254142775341825 -0.014468204939508175 -0.02960811329606516 -0.1602168591134978 0.014455858966398106 -0.1509714018050556 0.19261019205906318 0.12450901561333363 -0.13474518017709602 -0.2928102886790726 -0.2710786287703424 -0.17502694923057374 -0.2289555645473992 0.10261922456867228 -0.2069879011409904 0.18397762908624732 -0.23758667505505246
0 -0.23453446152364832 -0.21957720273192444 -0.008475793795263399 0.008475793795258387 nan 0.007369094712581804 -0.02217724407254554 nan 0.00571102320433622 nan -0.03968184954541396 -0.1588421049396373 -0.1517656696919801 -0.6981870605704967 -0.6977836602316161 -0.14509525002200227 0.05775110759114032 0.19398507244974644 0.041060185346052096 -0.020593783302627892 -0.10880926132996506 -0.30537444014319703 -0.29185595904945694 -0.1767766952966368 0.052866874564797786 nan 0.09230358648584314 -0.02038440520921496 -0.11959348005979556
0 nan nan nan nan nan nan nan -0.09860132971832937 -0.14090046549416074 nan 0.010808705594720852 -0.049954923518964474 -0.09694697163089623 -0.6953875575615981 -0.6952183843565292 0.17333333333333326 0.0018302706021766882 0.020110002395656062 -0.01611805232269305 0.2169916085877577 0.2145682080615857 0.05351628360647199 0.09624087994426525 -0.1767766952966368 0.04474135140619815 -0.20622039327216138 -0.0839813162418811 -0.13312622872170837 -0.010879560642605618
0 nan nan nan nan nan nan nan nan nan nan nan 0.10245487229457681 0.24761120998717187 nan nan 0.17677669529663687 -0.18819632425468233 -0.19234104254590234 -0.18275274253869409 0.2730869016410443 0.4466523290927301 -0.05976143046671969 -0.0597614304667197 nan -0.10951409514295668 -0.22165274342495234 -0.0961235014572943 -0.13816574881624577 0.18620136151622954
 0 nan nan nan nan nan nan nan nan nan nan nan nan nan -0.6952217871538071 -0.6952217871538071 nan 0.047946330148538406 0.033333333333333305 nan -0.31400963412957283 -0.3394857061237031 0.08596023825918793 0.05976143046671968 -0.1767766952966369 0.04794633014853842 nan nan nan nan
0 nan nan nan nan nan nan nan nan nan nan nan nan nan 0.6952217871538071 0.6952217871538071 nan -0.25642430590241305 -0.4044563087162536 nan -0.017259988467742616 -0.13670414920128865 -0.28787187953293636 -0.2923292537921831 nan 0.04794633014853842 nan nan 0.03333333333333332 0.047946330148538434
0 nan nan nan nan nan nan nan nan nan nan nan -0.14269483796598986 0.09860132971832561 -0.6952217871538071 -0.6952217871538072 0.1767766952966368 0.02758538689129326 0.09191919191919208 0.1718076830322627 nan -0.18390894961102366 -0.17285766888297116 -0.18912237907967938 nan 0.1328109509217959 0.17677669529663695 -0.12598815766974242 0.1112186629846597 nan
0 nan nan nan nan nan nan nan nan nan nan nan nan nan nan nan nan nan nan nan nan nan nan nan nan nan nan nan nan nan
0 nan nan nan nan nan nan nan nan nan nan nan nan nan -0.6952217871538071 -0.6952217871538071 nan 0.047946330148538406 0.033333333333333305 nan nan nan nan nan nan 0.04794633014853842 nan nan nan nan
0 nan nan nan nan nan nan nan nan nan nan nan nan nan 0.6749050222805302 0.6749050222805302 0.059738881835540054 -0.181591397387174 -0.41208098495887 0.14437634354737322 -0.03706999829628428 -0.1475846626381245 -0.27700701194569843 -0.28342317565764635 -0.1767766952966369 0.12193706929168494 0.06986498302916729 -0.17904655931455132 -0.0024197903840518066 0.0005997658970817398
0 nan nan nan nan nan nan nan nan nan nan nan -0.1767766952966369 nan nan nan -0.1767766952966369 0.18277738476921465 0.17677669529663687 -0.17180768303226263 0.047946330148538524 0.19913070063544655 0.18554306645142182 0.20173053768499144 nan 0.04794633014853842 nan -0.12598815766974242 -0.17180768303226263 nan
0 nan nan nan nan nan nan nan nan nan nan nan -0.02531530442191577 0.3160322366721858 nan nan 0.17631635787325933 -0.22457004033002478 -0.15933126975648815 0.09171146212646919 nan -0.21269850836523724 -0.1966733856382376 -0.21238001699840703 nan 0.36541571199411554 3.956134522432835e-17 -0.1256537309710533 -0.06408026367951924 nan
0 nan nan nan nan nan nan nan nan nan nan nan 0.17677669529663687 0.33806170189140666 nan nan 0.17677669529663687 nan -0.09860132971832693 -0.10349097793364022 0.3581676594132828 0.47434164902525694 nan nan nan nan -0.06792595946961794 nan nan 0.44361883530062046
0 nan nan nan nan nan nan nan nan nan nan nan 0.17677669529663687 0.17677669529663687 nan nan 0.17677669529663687 -0.1656833739159028 -0.14509525002200233 -0.03333333333333335 0.3581676594132828 0.47434164902525694 nan nan nan nan -0.07027283689263067 nan nan 0.2749152708920801
0 nan nan nan nan nan nan nan nan nan nan nan nan nan nan nan nan nan nan nan 0.22317802113732874 nan nan nan nan nan nan nan nan 0.1076763804116331
0 nan nan nan nan nan nan nan nan nan nan nan nan 0.1076763804116331 nan nan nan 0.16568337391590285 0.13308209261014037 -0.11677484162422844 nan nan nan nan nan nan nan nan nan 0.09641540122283007
0 nan nan nan nan nan nan nan nan nan nan nan nan -0.10767638041163315 nan nan nan -0.1656833739159028 -0.13308209261014037 0.11677484162422844 nan nan nan nan nan nan nan nan nan -0.09641540122283007
0 nan nan nan nan nan nan nan nan nan nan nan nan nan nan nan nan nan nan nan nan nan nan nan nan nan nan nan nan nan
0 nan nan nan nan nan nan nan nan nan nan nan nan 0.1076763804116331 -0.008475793795260174 0.008475793795260143 nan -0.16568337391590282 -0.14403381619609545 0.11677484162422844 nan nan nan nan nan nan nan nan nan -0.10682180303960798
0 nan nan nan nan nan nan nan nan nan nan nan nan nan nan nan nan nan nan nan nan nan nan nan nan nan nan nan nan nan
0 nan nan nan nan nan nan nan nan nan nan -0.14947641107821957 nan 0.03333333333316535 0.6085518714580253 0.608551871458038 nan 0.032905340489296504 -0.041910880395647575 -0.03333333333333665 -0.038873282939906786 -0.06287857484357322 -0.05347320165973517 -0.055963485920439336 nan -0.044485144493665654 0.06677107811153125 nan nan -0.23664424565579734
0 nan nan nan nan nan nan nan nan nan nan nan nan -0.22309240369907662 0.6085518714580253 0.608551871458038 -0.17677669529663825 0.0321629849789025 0.03421781158490146 -0.007507276199915312 -0.12967584046529287 -0.06777573959001319 0.009787559233264215 0.01402959753162518 nan -0.044485144493665654 -0.17053162733974678 -0.15866384600114103 0.03333333333333384 -0.26742606188395057
0 nan nan nan nan nan nan nan nan nan nan nan -0.17677669529663692 -0.35730604662353005 0.6085518714580253 0.608551871458038 -0.17677669529663825 0.031421883764937014 0.03730082726567457 -0.022144880002169288 -0.12967584046529287 -0.06777573959001319 0.009787559233264215 0.01402959753162518 nan -0.044485144493665654 -0.17053162733974678 -0.16888199063418258 0.03333333333333384 -0.24404312012771218
0 nan nan nan nan nan nan nan nan nan nan nan 0.17677669529663687 0.2864242220055005 nan nan 0.17677669529663687 -0.1656833739159028 -0.13482299761091784 -0.10548742313266135 0.3581676594132828 0.47434164902525694 nan nan nan nan -0.06974104408145883 nan nan 0.3824172667458013
0 nan nan nan nan 0.17677669529663656 nan nan nan -0.11171347103475515 nan -0.16354040192871824 0.08220978080541859 -0.2797523091842451 0.00847579379525907 -0.00847579379525957 -0.17674366974979755 0.09115637637879248 0.13706374906340557 0.10710865648810207 0.008165354105880023 -0.34324354675861324 -0.11310933505555569 -0.08182219556281908 0.061942961308248196 0.1337722538745634 0.10349064594574346 0.41938827454125904 0.12691196629052867 -0.16021285108064764
0 0.15488061853247304 0.16796775328675637 nan nan nan nan nan nan -0.11115479503892302 nan -0.1677752621060119 0.15658805889334376 -0.2721520164580944 0.00847579379525907 -0.00847579379525957 -0.17669793825451735 0.09586010938900781 0.13221787952720296 0.1068164211532097 0.32985230224140843 0.3474311762372781 -0.10761961351277421 -0.07807484687596955 -0.0099014754297661 0.08417167485982652 -0.08632789025084744 -0.16902249611036826 0.13018460144537905 0.29599691655787497
0 nan nan nan nan 0.17677669529663656 nan nan nan -0.1160865415879528 nan -0.16320302194797967 0.17641984482686204 -0.02426455096065775 0.1377166723009591 0.1544685563766695 0.17673180036287175 -0.01731507081299168 -0.1342677437906314 0.05262162195418176 0.018045454921607598 0.3685213568562251 -0.10979873863568618 -0.08010817395677106 0.13185659647624437 0.013020270437080605 -0.09016307239691243 -0.11838587973569388 0.07633341061101159 0.360010357958012
0 nan nan nan nan nan nan nan nan nan nan nan nan nan nan nan nan nan nan nan nan nan nan nan nan nan nan nan nan nan
0 0.15086714943728666 0.17613277358049245 -0.008475793795262516 0.00847579379525541 0.1589268132152749 nan nan -0.0572786163852829 0.15727348159172388 0.10767638041163312 0.1544607446647721 0.17624245690854518 0.09598923037596445 0.033757962263253664 0.03552803618216986 0.17562010438107212 0.005136882356638995 -0.14839088466775519 0.058349020118962446 0.18151582406374553 0.32141614446615224 0.03444176441731732 0.05297179366759 -0.1767592430009439 0.23142464316258188 -0.08886472028786478 0.052088178069249945 nan 0.2595189914812503
0 nan nan nan nan nan nan nan nan nan nan nan nan nan nan nan nan nan nan nan nan nan nan nan nan nan nan nan nan nan
0 nan nan nan nan nan nan nan nan nan nan nan 0.17677669529663692 0.1838570153672438 nan nan 0.17677669529663692 -0.16568337391590285 -0.13671749864313482 -0.10263074245223457 0.3570553308119855 0.47434164902525705 nan nan nan nan -0.07020332221132512 nan nan 0.3347436561591755
0 -0.0901295854593056 -0.12061266016925165 0.00847579379525995 -0.008475793795259761 -0.08944271909999156 nan nan -0.04794633014853839 -0.06740901714749938 -0.10767638041163312 -0.14888982772404627 0.1761370167978266 -0.24377580863400822 -0.07435686960223363 -0.06171588429338812 -0.03679057340247855 0.03868031322456742 -0.07400255479860575 0.052232914233047004 -0.44620173568510757 -0.05535398936040246 -0.07630656563955321 -0.06142465082700524 0.17676398695458534 -0.15026240618221326 -0.006013262304481735 -0.09996437890357296 0.0587148045089743 0.15962249150416363
0 nan nan nan nan nan nan nan nan -0.15515822270854335 nan nan 0.1758545568781917 0.125814370915117 0.007757534042243346 0.030025156607403295 0.1767469773665045 -0.06369724242091827 -0.13768095730253227 0.025870241222799198 -0.0031838295140090363 0.4165574491592581 -0.16417090236061627 -0.15108304655560106 nan 0.047946330148538455 -0.09132715571806849 nan nan 0.2719646453261891
0 -0.10107973914384671 -0.08596023825918699 nan nan nan 0.13837910615937396 0.165405102849042 -0.1254414922193011 -0.14130099029737112 -0.15515822270854268 0.03712430225927489 0.17672229249646318 0.08701132692184678 0.3595409991240156 0.365921326721823 0.1624058682870983 -0.09675567305591448 -0.1402098476254603 -0.03900048918216249 0.18073210574156764 0.1365694798513004 -0.10911524421285698 -0.07797296933452313 0.17675574076342157 0.09962793715070516 -0.11084883327014335 0.28544961285921816 0.18221451494127733 0.2604089595010219
0 nan nan nan nan nan nan nan nan nan nan nan nan nan nan nan nan nan nan nan nan nan nan nan nan nan nan nan nan nan
0 nan nan nan nan nan nan nan nan nan nan nan nan nan -0.695221787153807 -0.695221787153807 0.03333333333333333 -0.4743416490252569 -0.36372789252129095 nan -0.008475793795260131 -0.12447721437309589 -0.2752305936832752 -0.29344694769431684 -0.1767766952966369 -0.11573918031577579 0.08194691085120183 nan 0.04794633014853841 0.05976143046671968
0 nan nan nan nan nan nan nan nan nan nan nan nan nan nan nan nan 0.07014723744122017 -0.17433346455211945 nan -0.22317802113732874 -0.1879564718961157 -0.17606816861659008 -0.19210612146613626 nan nan nan nan nan nan
0 nan nan nan nan nan nan nan nan nan nan nan -0.05976143046671968 0.1720555246168479 nan nan -0.14509525002200233 -0.13227610517680938 -0.10676314148019428 -0.16591511028814568 -0.008475793795260131 0.03686565990064756 -0.15950150307530858 -0.15950150307530858 nan 0.2011083086899 -0.08194691085120183 -0.25866285937517947 0.031193058606207486 0.18384150337893643
0 nan nan nan nan nan nan nan nan nan nan nan nan nan nan nan nan nan nan nan nan nan nan nan nan nan nan nan nan nan
0 nan nan nan nan nan nan nan nan nan nan nan nan nan nan nan nan 0.05976143046671968 -0.49103066208854124 nan -0.05095760365065371 -0.1870024136529865 -0.3283212482839954 -0.3283212482839954 nan 0.04794633014853841 nan nan nan nan
0 nan nan nan nan nan nan nan nan nan nan nan nan nan nan nan nan 0.05969269964413234 -0.446699261119892 0.03333333333333333 -0.04291885021871706 -0.1559335809510666 -0.2970442628930023 -0.2970442628930023 -0.1767766952966369 0.04794633014853841 nan nan nan nan
0 nan nan nan nan nan nan nan nan nan nan nan nan nan -0.04794633014853841 -0.04794633014853841 -0.1620348524420861 0.31645240059236385 -0.31882259344265784 -0.11557596645368982 0.05512025997257955 -0.10478515716334706 -0.3189181987568147 -0.32146618758062573 -0.1767766952966369 -0.15330100795744098 0.09364119396832796 nan -0.04791968589521738 0.19802255030342333
0 0.061283749139730725 0.030491594730332673 -0.048206203760092124 -0.07151901627587245 -0.17062663489307914 0.0 -0.030641874569865363 -0.2246444218739245 -0.020443350253784763 0.031251969062098296 0.2791358791998654 -0.17229597785107115 0.0 -0.11999492161271598 -0.11061328088506708 nan 0.02170705485389846 -0.23115589638390893 0.010528479849216128 -0.20054199290985592 -0.1800899377963989 -0.37123929334372374 -0.37127780963716595 0.16517363013507083 0.0410488921955563 -0.054980511975519626 0.30194309087937776 0.2874594561611924 0.16387854030631113
0 -0.0308286031389214 -0.061432316022328036 -0.05624057105344081 -0.07954078953330818 -0.16942167424418786 0.15976851911502582 0.12875212880556972 -0.23318263079750637 0.020441283494414996 -0.010420606652938808 0.26782966766669747 -0.16736800229664894 0.31294723683279346 -0.11888973761281699 -0.10946858004523079 nan 0.02157707866339804 -0.23825109866676894 -0.021309919033975715 -0.2824775295396866 -0.2910906246714478 -0.18336985758645089 -0.22006610863896786 0.16538724611187705 0.1125979297660585 0.3298058971949432 0.3001581236109266 0.25613824275971814 -0.18386006479080452
0 0.31368088694063184 0.34380651211383895 -0.02553399561180733 -0.008475793795260131 0.16525121286839314 -0.1582965400466783 -0.14389057337373767 -0.29138904301868246 0.18438207778756796 0.2610644293543185 0.27660120515110204 -0.16507680520727383 -0.21216882488231445 -0.08784914235790527 -0.09449187423870781 -0.16923374110343364 0.05361755633517015 -0.16361298851701433 0.23550368559904947 0.07627045845004411 -0.1669386658157164 -0.31144512453478734 -0.2870180559438236 -0.16494153592655889 -0.2276560748768297 0.0770087695624424 -0.2273288039852027 0.26793974973779316 -0.2570275235165735
0 -0.23543118237552602 -0.22081628248616605 -0.008475793795260131 0.008475793795260131 nan -0.09438244527989033 -0.12553850198683442 nan 0.0 nan -0.010453614675588249 -0.16484511834894675 -0.16391182527472714 -0.31028254491904433 -0.2981196065311395 -0.14509525002200233 0.0 0.24699921069934788 0.04153429167001373 -0.022928601051618584 -0.22200434785315745 -0.423771819034851 -0.41144652705480583 -0.1767766952966369 0.0737785459867434 nan 0.12172874490058419 -0.021857070839723946 -0.12333234694154116
0 nan nan nan nan nan nan nan -0.09860132971832693 -0.18338451374060974 nan 0.030824390217560345 -0.054941951705217644 -0.061373505431043196 -0.25161611950020774 -0.23823318514650832 0.17433346455211945 0.0 -0.02055379370191837 0.010378160013566031 0.19897566548044116 0.13036722761141972 0.0 0.03698987292270308 -0.1767766952966369 -0.0829302508821114 -0.2010840187799509 -0.010728287886988968 -0.09493981679604867 0.03171155684242327
0 nan nan nan nan nan nan nan nan nan nan nan 0.1234540587483279 0.2621939525345097 nan nan 0.1767766952966369 -0.19203494029103801 -0.21177709280523482 -0.1831056311500301 0.09769511234125 0.3030707043774634 -0.05976143046671968 -0.05976143046671968 nan -0.11477283882773791 -0.21302859926266202 -0.09792674029419371 -0.1401277553049687 0.22135943621178658
0 nan nan nan nan nan nan nan nan nan nan nan nan nan -0.695221787153807 -0.695221787153807 nan 0.04794633014853841 0.03333333333333333 nan -0.26389530844689524 -0.22022570565307747 0.08596023825918793 0.05976143046671968 -0.1767766952966369 0.04794633014853841 nan nan nan nan
0 nan nan nan nan nan nan nan nan nan nan nan nan nan 0.695221787153807 0.695221787153807 nan -0.3828850809599074 -0.3863408589047491 nan -0.01671729969470888 -0.1402997793221981 -0.29050303702208735 -0.29344694769431684 nan 0.04794633014853841 nan nan 0.03333333333333333 0.04794633014853841
0 nan nan nan nan nan nan nan nan nan nan nan -0.14375905768565214 0.09860132971832693 -0.695221787153807 -0.695221787153807 0.1767766952966369 -0.12424256111240442 0.0 0.17433346455211945 nan -0.1879564718961157 -0.17606816861659008 -0.19210612146613626 nan 0.13345791900201906 0.1767766952966369 -0.12598815766974242 0.1015402446620602 nan
0 nan nan nan nan nan nan nan nan nan nan nan nan nan nan nan nan nan nan nan nan nan nan nan nan nan nan nan nan nan
0 nan nan nan nan nan nan nan nan nan nan nan nan nan -0.695221787153807 -0.695221787153807 nan 0.04794633014853841 0.03333333333333333 nan nan nan nan nan nan 0.04794633014853841 nan nan nan nan
0 nan nan nan nan nan nan nan nan nan nan nan nan nan 0.482490346914734 0.482490346914734 0.05969269964413234 -0.2918931140086703 -0.30194309087937776 0.16599374304625117 -0.12055919818520729 -0.20562143657770005 -0.2904653851475177 -0.29344694769431684 -0.1767766952966369 0.13126963198234057 0.07008468973601258 -0.26063326038006607 0.05138973694934119 -0.2108342109475562
0 nan nan nan nan nan nan nan nan nan nan nan -0.1767766952966369 nan nan nan -0.1767766952966369 0.1831288428673256 0.1767766952966369 -0.17433346455211945 0.04794633014853841 0.2064868064973908 0.1914425404799537 0.2072426292758383 nan 0.04794633014853841 nan -0.12598815766974242 -0.17433346455211945 nan
0 nan nan nan nan nan nan nan nan nan nan nan -0.04466915596076699 0.27859435531757426 nan nan 0.17069076819167656 -0.2592463540471126 -0.15740949968571072 0.19549355197224544 nan -0.2768933676439596 -0.25050086648534253 -0.2654851203788456 nan 0.3054212481051117 0.0 -0.12354520239953831 -0.07008468973601258 nan
0 nan nan nan nan nan nan nan nan nan nan nan 0.1767766952966369 0.3380617018914066 nan nan 0.1767766952966369 nan -0.09860132971832693 -0.10678154733180595 0.35816765941328305 0.4743416490252569 nan nan nan nan -0.07014723744122017 nan nan 0.40043080249427226
0 nan nan nan nan nan nan nan nan nan nan nan 0.1767766952966369 0.1767766952966369 nan nan 0.1767766952966369 -0.1656833739159028 -0.14509525002200233 -0.03333333333333333 0.35816765941328305 0.4743416490252569 nan nan nan nan -0.07027283689263066 nan nan 0.26695386832951484
0 nan nan nan nan nan nan nan nan nan nan nan nan nan nan nan nan nan nan nan 0.22317802113732874 nan nan nan nan nan nan nan nan 0.1076763804116331
0 nan nan nan nan nan nan nan nan nan nan nan nan 0.1076763804116331 nan nan nan 0.1656833739159028 0.13432173332088906 -0.11677484162422844 nan nan nan nan nan nan nan nan nan 0.09820613241770824
0 nan nan nan nan nan nan nan nan nan nan nan nan -0.1076763804116331 nan nan nan -0.1656833739159028 -0.13432173332088906 0.11677484162422844 nan nan nan nan nan nan nan nan nan -0.09820613241770824
0 nan nan nan nan nan nan nan nan nan nan nan nan nan nan nan nan nan nan nan nan nan nan nan nan nan nan nan nan nan
0 nan nan nan nan nan nan nan nan nan nan nan nan 0.1076763804116331 -0.008475793795260131 0.008475793795260131 nan -0.1656833739159028 -0.1426733232057863 0.11677484162422844 nan nan nan nan nan nan nan nan nan -0.10676314148019428
0 nan nan nan nan nan nan nan nan nan nan nan nan nan nan nan nan nan nan nan nan nan nan nan nan nan nan nan nan nan
0 nan nan nan nan nan nan nan nan nan nan -0.15351629054269225 nan 0.03333333333333333 0.482490346914734 0.482490346914734 nan 0.0 0.015937850451799535 -0.03333333333333333 0.050389587141192266 0.04193169075238892 0.03565955114462827 0.0 nan -0.04791968589521738 0.07008468973601258 nan nan -0.30689911766630507
0 nan nan nan nan nan nan nan nan nan nan nan nan -0.228534721531169 0.482490346914734 0.482490346914734 -0.1767766952966369 0.0 0.11183496965325139 0.06974979946961479 -0.25560859370538297 -0.0065123659086152854 0.17722389230589844 0.17774993647949472 nan -0.04791968589521738 -0.16239312724920899 -0.17069076819167656 0.03333333333333333 -0.2599722784944302
0 nan nan nan nan nan nan nan nan nan nan nan -0.1767766952966369 -0.32534630204311527 0.482490346914734 0.482490346914734 -0.1767766952966369 -0.3127595919297109 0.12142691981330134 0.0478135513553986 -0.25560859370538297 -0.0065123659086152854 0.17722389230589844 0.17774993647949472 nan -0.04791968589521738 -0.16239312724920899 -0.17069076819167656 0.03333333333333333 -0.24695685324802594
0 nan nan nan nan nan nan nan nan nan nan nan 0.1767766952966369 0.2654327512846624 nan nan 0.1767766952966369 -0.1656833739159028 -0.14096735392208676 -0.10715167512214395 0.35816765941328305 0.4743416490252569 nan nan nan nan -0.07014723744122017 nan nan 0.32345787979271734
0 nan nan nan nan 0.1767766952966369 nan nan nan 0.0 nan -0.16507680520727383 0.08925371778269131 -0.2868456942307725 0.008475793795260131 -0.008475793795260131 -0.17069076819167656 0.02143033502442879 0.14650562150154142 0.07250367539467523 -0.01526739081345034 -0.16214435893321277 0.0 0.036748451633646415 0.05988297551881386 0.14700500299733188 0.330416467319725 0.3571834997496921 0.13163295853378715 -0.14384715434861495
0 0.15488061853247326 0.16796775328675628 nan nan nan nan nan nan 0.0 nan -0.16507680520727383 0.16558216338177456 -0.26638377247010686 0.008475793795260131 -0.008475793795260131 -0.17062663489307914 0.04284639029832003 0.09889551306939176 0.061966134433902115 0.18308895854955598 0.12924283805087722 0.0 0.03664060288644557 -0.012021736335577508 0.09744873501709987 0.0 -0.17433346455211945 0.13161472050688508 0.3073346723901134
0 nan nan nan nan 0.1767766952966369 nan nan nan 0.0 nan -0.16507680520727383 0.16482585511565293 0.1431323995772904 0.09487789459106198 0.11698039542659251 0.17069076819167656 0.0 0.041217264076182245 0.0 -0.015257413212462998 0.1294653885572493 0.0 0.036722332001830824 0.14849129031584074 0.0 0.0 -0.07615722969603858 0.11493575280445711 0.3062479676151577
0 nan nan nan nan nan nan nan nan nan nan nan nan nan nan nan nan nan nan nan nan nan nan nan nan nan nan nan nan nan
0 0.12911246089870548 0.16282518723541667 -0.008475793795260131 0.008475793795260131 0.16787441193290353 nan nan -0.06421911989219053 0.2568174478594756 0.1076763804116331 0.010256997618004485 0.16482585511565293 0.0715661997886452 0.0321258314872723 0.03951397433195127 0.17062663489307914 0.0 -0.142987835961395 0.01023513764999021 0.18308895854955598 0.12915153260814843 -0.036611018220429635 -0.036611018220429635 -0.16654732066735442 0.2577668686495381 0.0 0.07687383206686707 nan 0.2860623180910933
0 nan nan nan nan nan nan nan nan nan nan nan nan nan nan nan nan nan nan nan nan nan nan nan nan nan nan nan nan nan
0 nan nan nan nan nan nan nan nan nan nan nan 0.1767766952966369 0.19201123081007956 nan nan 0.1767766952966369 -0.1656833739159028 -0.1402388355882107 -0.10616103744497256 0.32913527672843773 0.4743416490252569 nan nan nan nan -0.07006387765248435 nan nan 0.33404881889747073
0 -0.11372406538681941 -0.14731192665046375 0.008475793795260131 -0.008475793795260131 -0.08944271909999159 nan nan -0.04794633014853841 -0.19486311629802283 -0.1076763804116331 0.010256997618004485 0.16511551474121128 -0.16376220239984335 -0.10279640948203306 -0.09359496726219181 -0.1015402446620602 0.0 -0.1021651136039619 -0.010242408769144446 -0.3965632252933917 0.01075828707279838 0.0 0.036596252735569997 0.16548461865261285 -0.15365173148963995 -0.05496122169530168 -0.07615722969603858 0.0976313346730452 0.21439519955844596
0 nan nan nan nan nan nan nan nan -0.1551582227085438 nan nan 0.16540670686926767 0.12313412788570528 0.00826201480952024 0.032565037447083334 0.17433346455211945 0.0 -0.11172683816105555 0.0728066590606479 0.03858724938616697 0.04210037286156626 -0.17560052325257533 -0.15984195491000025 nan 0.04794633014853841 -0.1652706256394285 nan nan 0.19634773269506026
0 -0.10107973914385378 -0.08596023825918793 nan nan nan 0.1221766474602199 0.15807847512912415 -0.14096735392208676 -0.09240710826790899 -0.1551582227085438 0.010265362143445965 0.1648065986338867 0.12355027185656428 0.339820179254781 0.34298641296432236 0.16923374110343364 0.0 -0.22508177276278465 0.0 -0.03050154467177236 0.12909944487358058 0.0 0.036596252735569997 0.16571901624694133 0.13161472050688508 0.0 0.28544961285922504 0.2662570032954598 0.24532020304541716
0 nan nan nan nan nan nan nan nan nan nan nan nan nan nan nan nan nan nan nan nan nan nan nan nan nan nan nan nan nan