P1,P2,S10,S25,S33,S35,S37,S39,S40,S41,S46,S47,S5,S53,S55,S6,S64,S7,S70,S8,S9,S117,S118,S112,S113,S114,S115,S123,S127,S201,S202,S203,S73,S100,S101,S102,S106,S107,S108,S122,S124,S126,S109,S110
0 nan nan nan nan nan nan nan nan -0.10767638041163312 nan nan nan nan nan nan nan nan 0.05976143046671971 nan nan 0.16878989451394438 0.1603567451474546 0.1767766952966369 nan 0.1354006400772661 0.14043824758766063 nan nan 0.047946330148538406
0 nan nan nan nan nan nan nan nan nan nan nan nan nan nan nan nan nan 0.11677484162422846 nan nan 0.2270017415356663 0.2093589473396559 0.22587697572631288 nan nan nan nan nan nan
0 nan nan nan nan nan nan nan nan nan nan nan nan 0.03333333333333333 nan nan nan nan -0.0927212735780481 nan nan 0.16878989451394444 0.16035674514745463 0.17677669529663692 nan nan -0.13482299761091784 0.08006407690254348 0.17787387759130951 0.18680854455454896
0 nan nan nan nan nan nan nan nan nan nan nan nan nan nan nan nan nan nan nan nan nan nan nan nan nan nan nan nan nan
0 nan nan nan nan nan nan nan nan -0.1076763804116331 nan nan nan nan -0.16796775328675628 -0.1548806185324733 nan nan 0.047946330148538434 nan nan 0.12075392600036973 0.12178057511186367 0.13949437384038038 0.08944271909999164 nan nan nan nan nan
0 nan nan nan nan nan nan nan nan -0.1076763804116331 nan nan nan nan -0.16796775328675628 -0.1548806185324733 nan nan 0.05601120336112041 nan nan 0.12598815766974242 0.1259881576697424 0.14354231294080366 nan 0.13540064007726604 nan nan nan nan
0 nan nan nan nan nan nan nan nan -0.10767638041163312 nan nan nan nan -0.16796775328675634 -0.15488061853247323 nan nan -0.002401704792794802 nan nan 0.07726361817183992 0.08917116895417031 0.10929636903575736 0.08944271909999157 0.13540064007726604 0.14243252528371259 nan nan -0.03360898612901545
0 0.1383791061593745 0.11280065315104472 0.13586453511140198 0.12271093348519593 0.03333333333333216 0.10356640125123732 0.07712657275979537 nan -0.08121828030329867 -0.17018269518812656 -0.10733130179054536 nan 0.006562493591322577 -0.138682939753016 -0.13868293975301865 nan nan 0.0305739997231687 -0.09641540122283002 -0.06520198622766166 0.22667029623773305 0.20904547748701913 0.22553463178175512 -0.089442719099991 -0.1641653440694319 0.05386993219642647 0.08006407690254123 0.18849324101580703 0.23139374058499454
0 0.12121325700254268 0.09618457165815478 0.12271093348519879 0.10922074230593457 nan 0.06305282887554813 0.037373385844015665 nan -0.12302218920543702 -0.1770726146610694 -0.10694536620180929 nan 0.13091203375813548 -0.12865350418053023 -0.12865350418052873 -0.03333333333335247 nan 0.0038075249993694887 -0.03333333333332143 0.04794633014853806 0.22569384718129046 0.2081406741590438 0.2245946382233511 -0.08944271909999127 -0.16642526848332592 0.15937159409939985 0.0800640769025417 0.20320496346860517 0.11920940776194862
0 0.21002719578827234 0.23880872631504008 0.11516335992622455 0.11516335992622169 0.09445598491096856 -0.14385772313963743 -0.1288186256027303 nan -0.05105026768365603 -0.1440614961524197 -0.10639566271416852 nan 0.010930027561380454 -0.07386563946211187 -0.0781171295919398 -0.08095336859275441 0.08784585919193279 0.04285095669228521 0.01719358582664448 -0.05265328070348221 -0.19464243161127145 -0.1538466077534504 -0.13530953876522234 0.08944271909999148 0.12405244423730237 0.16731468937640404 0.0800640769025455 -0.11772585509885435 0.04717600473254938
0 nan nan nan nan nan 0.06305282887554826 0.037373385844020036 nan -0.10801588117862107 nan -0.10748276575319707 nan -0.08998365815516118 -0.15121620234750155 -0.13959588044351434 -0.044020691598835746 -0.09860132971832036 -0.20517657144609427 -0.18489025903015838 nan -0.22466556457015024 -0.20509389490852492 -0.21580135473422607 0.08944271909999155 0.13540064007726543 0.04532984139114545 nan -0.05626616867453249 -0.10190809404306554
0 0.16796775328675628 0.18122009407318732 nan nan nan nan nan nan -0.047022458587244555 nan -0.10752853861409467 nan -0.017951794577372573 -0.13378516165838253 -0.12064740868616781 0.09456502606043987 -0.09860132971832036 -0.21652228043859456 -0.2728935930152575 nan -0.21878745722093493 -0.19841619646973604 -0.21107417841559967 0.08944271909999145 0.13540064007726543 -0.007384650341621611 nan -0.12478176545699075 0.3093966533988987
0 nan nan nan nan nan nan nan nan nan nan nan nan 0.14269483796598992 nan nan 0.07593263966019995 nan 0.01199952002879808 -0.1541132040488735 nan -0.04928141806363815 -0.030837835605279747 -0.02020305089104422 nan nan -0.14227818732596226 nan nan 0.1572230934805556
0 nan nan nan nan nan nan nan nan nan nan nan nan nan nan nan nan nan 0.033333333333333305 nan nan 0.14320049611751698 0.12178057511186367 0.12178057511186369 -0.08944271909999163 0.13540064007726604 nan nan nan nan
0 nan nan nan nan nan nan nan nan -0.1076763804116331 nan nan nan nan -0.16796775328675628 -0.1548806185324733 nan nan 0.06617825960083586 nan nan 0.16402996554414243 0.15639986074817494 0.17285766888297116 0.08944271909999164 nan nan nan nan 0.033333333333333305
0 nan nan nan nan nan nan nan nan nan nan nan nan nan nan nan nan nan -0.09432251747270194 nan nan nan nan nan 0.08944271909999155 nan nan nan nan 0.07563405010934549
0 nan nan nan nan nan nan nan nan nan nan nan nan nan nan nan nan nan nan nan nan nan nan nan nan nan nan nan nan nan
0 nan nan nan nan nan nan nan nan nan nan nan nan nan nan nan nan nan 0.033333333333333305 nan nan nan nan nan nan nan nan nan nan nan
0 nan nan nan nan nan nan nan nan -0.10767638041163312 nan nan nan nan -0.16796775328675623 -0.1548806185324733 nan nan 0.03153816970441566 0.047189540460169536 nan 0.17742954056989765 0.1673211907385191 0.18353155817985725 0.08944271909999171 0.135400640077266 0.14048600409117884 0.08004590033241168 -0.10152734820621873 0.24440268953744998
0 nan nan nan nan nan nan nan nan nan nan nan nan nan nan nan nan nan 0.033333333333333305 nan nan nan nan nan 0.08944271909999164 nan nan nan nan 0.1540596808799979
0 nan nan nan nan nan nan nan nan nan nan nan nan 0.08119905630929619 nan nan 0.053891347989506275 -0.03333333333333387 -0.12426881008472172 0.15779877964565775 nan nan nan nan nan nan nan nan nan 0.28647647292020373
0 nan nan nan nan nan nan nan nan nan nan nan nan 0.14269483796598986 nan nan 0.08944271909999164 nan nan -0.08723567442899588 nan -0.1259881576697424 -0.1071428571428571 -0.10714285714285712 nan nan -0.0679259594696179 nan nan nan
0 nan nan nan nan nan nan nan nan nan nan nan nan nan nan nan 0.033333333333333354 nan nan -0.11456191485062386 nan -0.1259881576697424 -0.1071428571428571 -0.10714285714285712 nan nan -0.11456191485062386 nan nan nan
0 nan nan nan nan nan nan nan nan nan nan nan nan nan nan nan nan nan nan nan nan -0.2270017415356663 -0.20935894733965593 -0.22587697572631288 0.08944271909999164 nan nan nan nan nan
0 nan nan nan nan nan nan nan nan nan nan nan nan nan nan nan nan nan nan nan nan nan nan nan 0.08944271909999164 nan nan nan nan nan
0 nan nan nan nan nan nan nan nan nan nan nan nan nan nan nan nan nan nan nan nan nan nan nan -0.08944271909999163 nan nan nan nan nan
0 nan nan nan nan nan nan nan nan nan nan nan nan nan nan nan nan nan nan nan nan nan nan nan nan nan nan nan nan nan
0 nan nan nan nan nan nan nan nan nan nan nan nan nan nan nan nan nan nan nan nan nan nan nan -0.08944271909999149 nan nan nan nan nan
0 nan nan nan nan nan nan nan nan nan nan nan nan nan nan nan nan nan nan nan nan nan nan nan nan nan nan nan nan nan
0 nan nan nan nan nan nan nan nan 0.08944271909999342 nan nan nan nan nan nan nan nan -0.045329841391168024 nan nan 0.09556369651348053 0.08126928493094189 0.08126928493094326 nan nan 0.10144574103890884 nan nan nan
0 nan nan nan nan nan nan nan nan 0.08944271909999342 nan nan nan -0.08322503785766681 nan nan -0.031368931127933715 0.033333333333163705 -0.03795149792055749 0.1419618698270191 nan 0.143200496117475 0.12178057511188728 0.12178057511182314 nan nan 0.17562964198642023 nan nan 0.0333333333332685
0 nan nan nan nan nan nan nan nan 0.08944271909999342 nan nan nan -0.0661782596008278 nan nan -0.04532984139110684 -0.03333333333346898 -0.03580500352393524 0.12226251055336143 nan 0.143200496117475 0.12178057511188728 0.12178057511182314 nan nan 0.17562964198642023 nan nan 0.0333333333332685
0 nan nan nan nan nan nan nan nan nan nan nan nan 0.1426948379659899 nan nan 0.08427009716003833 nan nan -0.1656833739159028 nan -0.1259881576697424 -0.1071428571428571 -0.10714285714285712 nan nan -0.1057155891883448 nan nan nan
0 -0.008475793795263399 0.008475793795258387 nan nan nan nan nan nan 0.08781874992023837 nan nan nan -0.07355634783991295 0.12865350418053229 0.11516335992622173 -0.059373655672508095 nan -0.06311440603766912 0.16109095213295782 -0.04794633014854036 -0.19468984449859536 -0.1819175390924397 -0.19815858750179322 0.08944271909999157 -0.184706857345811 0.1294749635960069 nan nan 0.16671072341252377
0 nan nan nan nan nan nan nan nan 0.08717685596237876 nan nan nan -0.04776017674547066 0.08596023825917873 0.06896551724137522 -0.05324061921040284 nan -0.08035117218152327 0.1663958992776802 -0.06520198622764806 -0.1990675749725593 -0.1794048474381326 -0.1895186374212343 0.0894427190999916 -0.274900245776264 -0.12048437840780432 nan nan 0.1705733889971249
0 nan nan nan nan nan nan nan nan 0.08713653103636215 nan nan nan -0.032315503229989676 -0.16146928404130978 -0.15117089625294242 0.07313937074894984 -0.09399637762590489 -0.029678764945183587 -0.2835792862671382 -0.0479463301485405 0.12301221925006188 0.12345172038778367 0.1410472700410665 -0.08944271909999166 -0.2574343074060021 -0.12163305250406546 nan -0.17399304041757213 0.10111098960697384
0 nan nan nan nan nan nan nan nan nan nan nan nan nan nan nan nan nan nan nan nan nan nan nan nan nan nan nan nan nan
0 0.22023446804942778 0.23065552333154693 nan nan nan nan nan nan -0.08864150305171184 nan -0.10707926799833797 nan 0.1291371513837544 -0.1676556575752828 -0.15488061853247395 0.07653107787108741 -0.09860132971833334 -0.003249823168729849 -0.2507763589784462 -0.06305282887554818 0.04536256737944123 0.06098920312368012 0.08087560967135776 -0.08944271909999166 0.13021842585682647 -0.09714142926914897 nan 0.1124560804199591 -0.04415592049225425
0 nan nan nan nan nan nan nan nan nan nan nan nan nan nan nan nan nan nan nan nan nan nan nan nan nan nan nan nan nan
0 nan nan nan nan nan nan nan nan nan nan nan nan nan nan nan 0.04254448779582378 0.04351941398892092 nan -0.12491545489191266 nan -0.12598793917615295 -0.10714267133152476 -0.10714267133152476 nan nan -0.11019398261622557 nan nan nan
0 -0.23272602126729447 -0.24650214535892997 nan nan nan nan nan nan 0.08641420364259114 nan 0.10707926799833797 nan -0.2580190467201601 0.16324497463514118 0.15388800374352893 -0.046999717839911255 -0.08092180403686058 -0.017489623665116964 -0.08474143561492095 0.0652019862276466 0.14865052346929825 0.12752572324989844 0.1292923655826998 -0.0894427190999916 -0.13866707118158245 -0.1231942490388934 nan -0.05720173895929682 0.0826683749874554
0 nan nan nan nan nan nan nan nan nan nan nan nan 0.06651663567030443 nan nan 0.06911813262138283 nan 0.03635525724520771 -0.18521558595158766 nan 0.15560551102236928 0.14955815828385166 0.166190231023515 -0.08944271909999153 nan -0.12257234254341097 nan nan nan
0 -0.17695387497718504 -0.15071772246516216 nan nan nan 0.2020831196529582 0.21558469708954386 nan 0.08928950017213333 nan -0.10687274500887019 nan 0.13223528754401218 -0.11361121837083786 -0.12510481919751237 0.05141753892768247 -0.033333333333331217 -0.03191911255892594 -0.22158972195344706 -0.05732099458175325 -0.21428381915594094 -0.19217257441764976 -0.20035651334888854 0.08944271909999164 -0.13083574781599794 -0.12152800705011071 nan 0.0479463301485416 0.15971219428992758
0 nan nan nan nan nan nan nan nan nan nan nan nan nan nan nan nan nan nan nan nan nan nan nan nan nan nan nan nan nan
0 nan nan nan nan nan nan nan nan -0.1076763804116331 nan nan nan nan nan nan nan nan 0.05976143046671968 nan nan 0.16878989451394444 0.16035674514745463 0.17677669529663687 nan 0.13540064007726602 0.1426928447661439 nan nan 0.04794633014853841
0 nan nan nan nan nan nan nan nan nan nan nan nan nan nan nan nan nan 0.11677484162422844 nan nan 0.2270017415356663 0.20935894733965593 0.2258769757263128 nan nan nan nan nan nan
0 nan nan nan nan nan nan nan nan nan nan nan nan 0.03333333333333333 nan nan nan nan -0.16101529717988264 nan nan 0.16878989451394444 0.16035674514745463 0.17677669529663687 nan nan -0.14096735392208676 0.08006407690254357 0.1671165100399357 0.10260131918342884
0 nan nan nan nan nan nan nan nan nan nan nan nan nan nan nan nan nan nan nan nan nan nan nan nan nan nan nan nan nan
0 nan nan nan nan nan nan nan nan -0.1076763804116331 nan nan nan nan -0.16796775328675628 -0.15488061853247326 nan nan 0.04794633014853841 nan nan 0.12584326037318713 0.12576297758327862 0.14318744883070408 0.08944271909999159 nan nan nan nan nan
0 nan nan nan nan nan nan nan nan -0.1076763804116331 nan nan nan nan -0.16796775328675628 -0.15488061853247326 nan nan 0.05969269964413234 nan nan 0.1259881576697424 0.1259881576697424 0.14354231294080366 nan 0.13540064007726602 nan nan nan nan
0 nan nan nan nan nan nan nan nan -0.1076763804116331 nan nan nan nan -0.16796775328675628 -0.15488061853247326 nan nan 0.19181034589200027 nan nan -0.05594224688403636 -0.02283456498714289 0.0 0.08944271909999159 0.13540064007726602 0.15018860670417833 nan nan -0.04791968589521738
0 0.15302467191075025 0.12241973752860019 0.1408835196274748 0.12799458305356373 0.03333333333333333 0.12356183889141195 0.09285807044061016 nan -0.09030250117268938 -0.2085217256062138 -0.10632423667651372 nan 0.0 -0.1412587094253156 -0.1412587094253156 nan nan -0.021159349754505848 -0.09820613241770824 -0.06892719241639057 0.22388343762676005 0.20570493283011945 0.2210080039616802 -0.08944271909999159 -0.23027193178315786 0.061342456961695886 0.08006407690254357 0.1747965970814995 0.2865548051038933
0 0.13757160630971152 0.10712900471564413 0.12799458305356373 0.11473709062908488 nan 0.07732976225530476 0.04662796536105001 nan -0.15220988371246985 -0.21938674753426393 -0.10621535366108449 nan 0.13347693416475742 -0.1286535041805354 -0.1286535041805354 -0.03333333333333333 nan -0.18538246902942274 -0.03333333333333333 0.04794633014853841 0.22380711806169035 0.2054465905833461 0.22042529545222012 -0.08944271909999159 -0.2517133115837215 0.2145250704635767 0.08006407690254357 0.20553793701918371 0.08188110119992167
0 0.2024564928559339 0.23269496370737325 0.11516335992621968 0.11516335992621968 0.09794529229593149 -0.07422260879798627 -0.044547342097459704 nan 0.020539104174704913 -0.19518126037320147 -0.10619723899332062 nan -0.02051399523600897 -0.054960210111511976 -0.07637651822455481 -0.09755790003710167 0.09766811423158216 0.05122764855194362 -0.030634066235600266 -0.06892719241639057 -0.1677981573698355 -0.11410119831327215 -0.08814433367436186 0.08944271909999159 0.05231234960221109 0.16416211069348613 0.08006407690254357 -0.11320797157053446 0.0
0 nan nan nan nan nan 0.07732976225530476 0.04662796536105001 nan -0.21547972878570643 nan -0.10621535366108449 nan -0.10286363315446109 -0.16514008073944517 -0.1529357086345039 -0.03503193882624218 -0.09860132971832693 -0.26616755183994134 -0.18421380328107428 nan -0.22449681805738034 -0.20602923530615377 -0.2210080039616802 0.08944271909999159 0.13540064007726602 0.04791968589521738 nan -0.07059690382433208 -0.10898346037823962
0 0.16796775328675628 0.18122009407318743 nan nan nan nan nan nan 0.06313702364557675 nan -0.10623347760177798 nan 0.0 -0.15277909240434376 -0.140458370352909 0.09781564923143896 -0.09860132971832693 -0.2759573271746025 -0.25561942869096466 nan -0.22403631127900614 -0.20564025591205162 -0.2206513561765155 0.08944271909999159 0.13540064007726602 0.032751555075470715 nan -0.12782783224298244 0.3186699811562907
0 nan nan nan nan nan nan nan nan nan nan nan nan 0.14375905768565214 nan nan 0.08915558282417288 nan 0.023244461940282596 -0.1583224766123246 nan 0.05616273812994835 0.06888321972137824 0.08892785427134808 nan nan -0.14875447295865413 nan nan 0.15180506824704942
0 nan nan nan nan nan nan nan nan nan nan nan nan nan nan nan nan nan 0.03333333333333333 nan nan 0.14788336125526497 0.12576297758327862 0.12576297758327862 -0.08944271909999159 0.13540064007726602 nan nan nan nan
0 nan nan nan nan nan nan nan nan -0.1076763804116331 nan nan nan nan -0.16796775328675628 -0.15488061853247326 nan nan 0.07010552037690532 nan nan 0.16837261354303526 0.15984195491000025 0.17606816861659008 0.08944271909999159 nan nan nan nan 0.03333333333333333
0 nan nan nan nan nan nan nan nan nan nan nan nan nan nan nan nan nan -0.15108900261183686 nan nan nan nan nan 0.08944271909999159 nan nan nan nan 0.0
0 nan nan nan nan nan nan nan nan nan nan nan nan nan nan nan nan nan nan nan nan nan nan nan nan nan nan nan nan nan
0 nan nan nan nan nan nan nan nan nan nan nan nan nan nan nan nan nan 0.03333333333333333 nan nan nan nan nan nan nan nan nan nan nan
0 nan nan nan nan nan nan nan nan -0.1076763804116331 nan nan nan nan -0.16796775328675628 -0.15488061853247326 nan nan 0.04136202094968212 0.04791968589521738 nan 0.22426621006836214 0.2061593864469334 0.22162812658276165 0.08944271909999159 0.13540064007726602 0.14793199909945304 0.07976772519998071 -0.1635137388939794 0.27179398156529444
0 nan nan nan nan nan nan nan nan nan nan nan nan nan nan nan nan nan 0.03333333333333333 nan nan nan nan nan 0.08944271909999159 nan nan nan nan 0.15351629054269225
0 nan nan nan nan nan nan nan nan nan nan nan nan 0.10286363315446109 nan nan 0.03503193882624218 -0.03333333333333333 -0.1232905072628534 0.17405028310295284 nan nan nan nan nan nan nan nan nan 0.45555048328408176
0 nan nan nan nan nan nan nan nan nan nan nan nan 0.14375905768565214 nan nan 0.08944271909999159 nan nan -0.08915558282417288 nan -0.1259881576697424 -0.10714285714285714 -0.10714285714285714 nan nan -0.07014723744122017 nan nan nan
0 nan nan nan nan nan nan nan nan nan nan nan nan nan nan nan 0.03333333333333333 nan nan -0.11609591237233642 nan -0.1259881576697424 -0.10714285714285714 -0.10714285714285714 nan nan -0.11609591237233642 nan nan nan
0 nan nan nan nan nan nan nan nan nan nan nan nan nan nan nan nan nan nan nan nan -0.2270017415356663 -0.20935894733965593 -0.2258769757263128 0.08944271909999159 nan nan nan nan nan
0 nan nan nan nan nan nan nan nan nan nan nan nan nan nan nan nan nan nan nan nan nan nan nan 0.08944271909999159 nan nan nan nan nan
0 nan nan nan nan nan nan nan nan nan nan nan nan nan nan nan nan nan nan nan nan nan nan nan -0.08944271909999159 nan nan nan nan nan
0 nan nan nan nan nan nan nan nan nan nan nan nan nan nan nan nan nan nan nan nan nan nan nan nan nan nan nan nan nan
0 nan nan nan nan nan nan nan nan nan nan nan nan nan nan nan nan nan nan nan nan nan nan nan -0.08944271909999159 nan nan nan nan nan
0 nan nan nan nan nan nan nan nan nan nan nan nan nan nan nan nan nan nan nan nan nan nan nan nan nan nan nan nan nan
0 nan nan nan nan nan nan nan nan 0.08944271909999159 nan nan nan nan nan nan nan nan -0.04791968589521738 nan nan 0.10102356812582115 0.08591246929842244 0.08591246929842244 nan nan 0.10623347760177798 nan nan nan
0 nan nan nan nan nan nan nan nan 0.08944271909999159 nan nan nan -0.05525925714659953 nan nan -0.019889947337905275 0.03333333333333333 0.0 0.14819221389880116 nan 0.14788336125526497 0.12576297758327862 0.12576297758327862 nan nan 0.17231798104097645 nan nan 0.03333333333333333
0 nan nan nan nan nan nan nan nan 0.08944271909999159 nan nan nan -0.07010552037690532 nan nan -0.04791968589521738 -0.03333333333333333 0.0 0.13136018150816808 nan 0.14788336125526497 0.12576297758327862 0.12576297758327862 nan nan 0.17231798104097645 nan nan 0.03333333333333333
0 nan nan nan nan nan nan nan nan nan nan nan nan 0.14375905768565214 nan nan 0.08915558282417288 nan nan -0.1656833739159028 nan -0.1259881576697424 -0.10714285714285714 -0.10714285714285714 nan nan -0.11480898206240103 nan nan nan
0 -0.008475793795260131 0.008475793795260131 nan nan nan nan nan nan 0.10612487289360979 nan nan nan -0.051326810717229825 0.1286535041805354 0.11516335992621968 -0.09755790003710167 nan 0.021038912161627333 0.2002130107153822 -0.04794633014853841 -0.22411286563329205 -0.20570493283011945 -0.22068370737618737 0.08944271909999159 -0.21943472805309966 0.18731519922533202 nan nan 0.16720691659782785
0 nan nan nan nan nan nan nan nan 0.10612487289360979 nan nan nan 0.010405309539402715 0.08596023825918793 0.06896551724137931 -0.04181052858732929 nan 0.0 0.25750208494467686 -0.06892719241639057 -0.22388343762676005 -0.20551108488428602 -0.220489813321435 0.08944271909999159 -0.2843391732282043 0.010353369233981712 nan nan 0.16718681357201454
0 nan nan nan nan nan nan nan nan 0.10612487289360979 nan nan nan -0.08193095271211977 -0.16571521019544666 -0.15356702487313534 0.06969731654309412 -0.09759459663423815 0.030874901337418485 -0.2859468073583034 -0.04794633014853841 0.05594224688403636 0.06847145539812699 0.08815722309954947 -0.08944271909999159 -0.2627153597895644 0.0 nan -0.17433346455211945 0.14832283729472048
0 nan nan nan nan nan nan nan nan nan nan nan nan nan nan nan nan nan nan nan nan nan nan nan nan nan nan nan nan nan
0 0.23306929592273898 0.2455198777507729 nan nan nan nan nan nan -0.09755790003710167 nan -0.10632423667651372 nan 0.14393541316928116 -0.16699118830499482 -0.15488061853247326 0.09755790003710167 -0.09860132971832693 0.05105162579290697 -0.2868748318908843 -0.06892719241639057 0.0 0.02283456498714289 0.044097962664287 -0.08944271909999159 0.05272731096196689 -0.021319290150978353 nan 0.11131077184916235 -0.03503193882624218
0 nan nan nan nan nan nan nan nan nan nan nan nan nan nan nan nan nan nan nan nan nan nan nan nan nan nan nan nan nan
0 nan nan nan nan nan nan nan nan nan nan nan nan nan nan nan 0.04791968589521738 0.05924746285041157 nan -0.1564175734254778 nan -0.12584326037318713 -0.10701963357460793 -0.10701963357460793 nan nan -0.11455669393002252 nan nan nan
0 -0.23306929592273898 -0.2455198777507729 nan nan nan nan nan nan 0.10612487289360979 nan 0.10632423667651372 nan -0.287049844514316 0.16514008073944517 0.15301419758431264 -0.04181838992585648 -0.06969731654309412 -0.02042477195416453 -0.12270974138776075 0.06892719241639057 0.1678267406521091 0.15976672926229632 0.17631444619909895 -0.08944271909999159 -0.26295824351048847 0.030922481734481966 nan -0.11131077184916235 0.1313058293170923
0 nan nan nan nan nan nan nan nan nan nan nan nan 0.0619789307447115 nan nan 0.06968421431221548 nan 0.13523714558405436 -0.26722663213657416 nan 0.056018644662048624 0.06862229749684581 0.08846827572052458 -0.08944271909999159 nan -0.13125154453726917 nan nan nan
0 -0.16647806851624214 -0.13210790377822054 nan nan nan 0.20325520164275232 0.21558469708954392 nan 0.09757624316033178 nan -0.10715167512214395 nan 0.0853804984293939 -0.16529634011590252 -0.15317153870309017 0.08881464244407108 -0.03333333333333333 0.0 -0.2859468073583034 -0.06892719241639057 -0.22373087649311402 -0.20538215696388987 -0.22036083418590466 0.08944271909999159 0.010554553109764758 -0.010219608680873713 nan 0.04794633014853841 0.186962845105624
0 nan nan nan nan nan nan nan nan nan nan nan nan nan nan nan nan nan nan nan nan nan nan nan nan nan nan nan nan nan