P1,P2,S10,S25,S33,S35,S37,S39,S40,S41,S46,S47,S5,S53,S55,S6,S64,S7,S70,S8,S9,S117,S118,S112,S113,S114,S115,S123,S127,S201,S202,S203,S73,S100,S101,S102,S106,S107,S108,S122,S124,S126,S109,S110
0 nan nan nan nan nan nan nan nan 0.05976143046671966 nan nan nan nan 0.047946330148538434 0.04794633014853837 0.03333333333333335 0.07027283689263067 -0.07146459189048196 nan -0.09967105174025308 -0.12229338312118171 -0.27368617561527414 -0.2736861756152742 -0.12598815766974242 0.15311180047019057 0.234195978638098 nan nan 0.07027283689263067
0 nan nan nan nan nan nan nan nan nan nan nan nan nan nan nan nan 0.0679259594696179 -0.1739930404175721 nan -0.04291885021871708 0.17388631671412771 -0.12178057511186373 -0.12178057511186373 nan nan nan nan nan nan
0 nan nan nan nan nan nan nan nan nan nan nan -0.05976143046671969 0.31898634647486235 nan nan -0.09860132971832694 -0.09855588810869069 0.09740113325792409 -0.10868377427524746 -0.09967105174025313 -0.08609282843437653 -0.23294395531110354 -0.21633300107688958 nan -0.13853225051655893 -0.2341959786380979 -0.06265891152449195 -0.11170843669101782 0.14475973529729957
0 nan nan nan nan nan nan nan nan nan nan nan nan nan nan nan nan nan nan nan nan nan nan nan nan nan nan nan nan nan
0 nan nan nan nan nan nan nan nan 0.05976143046671971 nan nan nan nan nan nan nan 0.04794633014853842 0.06792595946961791 nan -0.1618475141131888 -0.18624213753945484 -0.3276911391232285 -0.32769113912322856 nan 0.04794633014853839 nan nan nan nan
0 nan nan nan nan nan nan nan nan 0.05976143046671971 nan nan nan nan nan nan nan 0.04532984139116245 0.07593263966019996 0.033333333333333305 -0.14520057987419366 -0.15593358095106666 -0.2970442628930023 -0.29704426289300234 -0.12598815766974242 0.04794633014853839 nan nan nan nan
0 nan nan nan nan nan nan nan nan 0.05976143046671962 nan nan nan nan -0.047946330148538385 -0.0479463301485384 -0.048729177637555424 0.0015737382206997808 0.04042892502403595 -0.04842602252276786 -0.17054973738608598 -0.1899127628507446 -0.3183230920669624 -0.3183230920669623 -0.12598815766974242 0.14240885802706565 0.2349878003480921 nan nan -0.07608654228198342
0 -0.03868234623335279 -0.0655170264728543 -0.18001892135040795 -0.1931394498990262 -0.12544149221930057 -0.020358198187013232 -0.03806185896704204 -0.17101252298842923 -0.005570366469845963 -0.011150829239947606 0.07777948236543182 -0.12598087572149647 -0.11561228758575313 0.05531679823654469 0.05658849042332133 nan 0.047194666009100966 0.02817368291779507 0.16246966393747006 -0.05047159117117315 0.17797907219081105 -0.11454137041253461 -0.10223327328520175 0.12584620496039897 0.04974938298482377 -0.1972960761446113 -0.01158786671760638 -0.1727524808285779 0.32356267701927305
0 0.11280065315104698 0.08792929107444329 -0.17971978172727926 -0.19295011017106892 -0.12549321843564723 -0.0745520822129484 -0.09770401435159234 -0.17696675474613086 -0.013691690611611976 -0.03230642588238612 0.11642049271699817 -0.12556519428324162 0.10331069563803298 0.05315775968933807 0.05410802277528481 nan 0.04674741855551885 -0.0007958422041524807 0.1413716618985556 -0.04023401533468352 0.17560240891412887 -0.11349622593932172 -0.10265388508491152 0.1258559832460526 0.04207792959265125 0.07171688606986294 0.04143067165409969 0.050784293182521395 0.17164932649885586
0 -0.14992747199189912 -0.11626751541299851 0.16796775328675626 0.18122009407318745 0.12361721901756677 -0.3771910298805003 -0.3455687343226011 -0.14415748292622252 0.10354560574197223 0.09725626153878865 0.16615515542293488 -0.11900038797608785 0.16583596715757445 -0.18100517457953147 -0.19453730157896412 -0.11220181230765895 -0.12820163484395483 -0.06967706717705388 0.02891017344789993 -0.26208086651758555 -0.2854939721826241 -0.32178524384856405 -0.3198620997058536 -0.12544450862290052 0.1815754018568903 0.12460155934849973 0.020123637082430656 0.11875315799427054 0.11094736028357213
0 0.21957720273192588 0.23453446152366209 0.18122009407318765 0.19475891374404036 nan 0.11391264351263666 0.09185711023754271 nan 0.06242967022072447 nan 0.11279909534232466 -0.1203206498127039 -0.016446837429729168 0.04133789159275236 0.040826693735414706 -0.0986013297183271 0.1260576763057264 0.13044428332415545 0.2593082226853323 -0.17899051458483511 -0.03524707767232842 -0.03479406618619156 -0.028226206489017025 -0.1259881576697424 0.04861923412843401 nan -0.14269483796598995 0.0877151070405036 0.0018964716726250358
0 -0.06896551724138832 -0.047946330148518033 nan nan nan nan nan -0.14509525002200677 0.02041864675077438 nan 0.12246579904534177 0.01832569604534735 -0.054598326606746815 0.04589167823582365 0.04604468960023746 0.12318840579710144 0.1361857130051931 0.12153128622452214 0.15467945733047297 -0.08102515908430692 -0.04429691320826684 0.038316268082544486 0.04700325900560781 -0.1259881576697424 0.044511657516143506 -0.1491022647082005 -0.09668248054101623 -0.07043055632962188 -0.18410254130634723
0 nan nan nan nan nan nan nan nan nan nan nan 0.10245487229457674 0.2041008154249827 nan nan 0.12598815766974242 0.1404382475876606 -0.11994670219590525 -0.16568337391590282 -0.11248424361252565 -0.08623274626849639 -0.13333465022527088 -0.12453754928407695 nan -0.06617825960083583 -0.2173371141022782 -0.05976143046671968 -0.1109730522019572 0.028778461791893254
0 nan nan nan nan nan nan nan nan nan nan nan nan nan 0.047946330148538434 0.04794633014853837 nan 0.033333333333333305 0.033333333333333305 nan 0.10922074230593845 0.16008006005004385 0.1361352949562256 0.13613529495622545 -0.12598815766974242 0.04794633014853839 nan nan nan nan
0 nan nan nan nan nan nan nan nan 0.05976143046671971 nan nan nan nan -0.04794633014853842 -0.04794633014853841 nan 0.06617825960083581 0.08723567442899585 nan -0.11240508850619157 -0.1367041492012887 -0.28787187953293636 -0.28787187953293636 nan 0.04794633014853839 nan nan nan 0.0479463301485386
0 nan nan nan nan nan nan nan nan nan nan nan -0.09641540122283006 0.14509525002200227 0.04794633014853836 0.0479463301485384 0.12598815766974245 0.06194296130825109 -0.11209874600204026 0.12192365366373831 nan -0.0702728368926307 -0.08126928493096162 -0.10269156151018118 nan 0.08742661771454989 -0.135400640077266 -0.08006407690254357 0.06613665643499728 nan
0 nan nan nan nan nan nan nan nan nan nan nan nan nan nan nan nan nan nan nan nan nan nan nan nan nan nan nan nan nan
0 nan nan nan nan nan nan nan nan nan nan nan nan nan 0.047946330148538434 0.04794633014853837 nan 0.033333333333333305 0.033333333333333305 nan nan nan nan nan nan 0.04794633014853839 nan nan nan nan
0 nan nan nan nan nan nan nan nan 0.05976143046671962 nan nan nan nan -0.057198627204308315 -0.0571986272043083 0.05973888183553989 0.06855376345876496 0.01082406095893186 0.10866167690785651 -0.10638805935311255 -0.12325694088883597 -0.2768464038170561 -0.2767893119534752 -0.1259881576697424 0.08076409425321115 0.11277606725229251 -0.05136389479657101 -0.06652060711420286 0.0005997658970817283
0 nan nan nan nan nan nan nan nan nan nan nan -0.12598815766974242 nan nan nan -0.12598815766974242 -0.1426948379659899 0.12598815766974242 -0.12192365366373827 0.047946330148538545 0.10107973914385376 0.10041928905068674 0.11864722378631624 nan 0.04794633014853839 nan -0.08006407690254354 -0.12192365366373827 nan
0 nan nan nan nan nan nan nan nan nan nan nan -0.006811232015448526 0.2788189797744767 nan nan 0.12566840334618512 -0.046254572665933566 -0.11345930837845436 -0.11988868443334158 nan -0.14522585831392626 -0.12020765640235881 -0.13438787433406868 nan -0.10378671109892032 -0.13308209261014037 -0.08006407690254358 -0.06408026367951924 nan
0 nan nan nan nan nan nan nan nan nan nan nan 0.12598815766974242 0.28544961285922515 nan nan 0.12598815766974242 nan -0.04794633014853841 -0.10349097793364018 -0.08596023825918792 -0.1259881576697424 -0.1071428571428571 -0.10714285714285708 nan nan -0.06792595946961791 nan nan -0.08531131448088855
0 nan nan nan nan nan nan nan nan nan nan nan 0.12598815766974242 0.12598815766974242 nan nan 0.12598815766974242 0.14509525002200233 -0.09860132971832693 -0.08723567442899585 -0.08596023825918792 -0.1259881576697424 -0.1071428571428571 -0.10714285714285708 nan nan -0.11456191485062389 nan nan 0.2749152708920802
0 nan nan nan nan nan nan nan nan nan nan nan nan nan nan nan nan nan nan nan 0.042918850218717094 -0.19948124964375882 0.08596023825918794 0.05976143046671968 nan nan nan nan nan 0.15515822270854382
0 nan nan nan nan nan nan nan nan nan nan nan nan 0.15515822270854382 nan nan nan -0.14509525002200233 0.08723567442899587 -0.07027283689263064 nan nan nan nan nan nan nan nan nan 0.14269483796598992
0 nan nan nan nan nan nan nan nan nan nan nan nan -0.15515822270854382 nan nan nan 0.14509525002200233 -0.08723567442899588 0.07027283689263064 nan nan nan nan nan nan nan nan nan -0.14269483796598992
0 nan nan nan nan nan nan nan nan nan nan nan nan nan nan nan nan nan nan nan nan nan nan nan nan nan nan nan nan nan
0 nan nan nan nan nan nan nan nan nan nan nan nan 0.15515822270854385 0.18122009407318743 0.19475891374404047 nan 0.14509525002200235 -0.09779374087931925 0.07027283689263066 nan nan nan nan nan nan nan nan nan -0.15403025685246396
0 nan nan nan nan nan nan nan nan nan nan nan nan nan nan nan nan nan nan nan nan nan nan nan nan nan nan nan nan nan
0 nan nan nan nan nan nan nan nan -0.08006407690255188 nan -0.1026203153667455 nan 0.033333333333159375 -0.06520198622765126 -0.06520198622767048 nan 0.03333333333333351 -0.041910880395692754 -0.03333333333333508 -0.03887328293989434 -0.056974868838814426 -0.048452571619673916 -0.048452571619742056 nan -0.04448514449367607 0.10144574103884314 nan nan -0.45562847297905584
0 nan nan nan nan nan nan nan nan -0.08006407690255188 nan nan nan -0.05208817806930086 -0.06520198622765126 -0.06520198622767048 -0.12598815766974092 0.03267652590798976 0.004145560760854713 0.01953336630879636 -0.017229657124758057 -0.019861688108407716 -0.007783507009988017 0.0010991179088777462 nan -0.04448514449367607 -0.12087576683788812 -0.11091252094144151 nan -0.26742606188393503
0 nan nan nan nan nan nan nan nan -0.08006407690255188 nan nan -0.12598815766974236 0.0033648868878610586 -0.06520198622765126 -0.06520198622767048 -0.12598815766974092 0.032702065193678555 0.012169088691532909 -0.0016458146251856953 -0.017229657124758057 -0.019861688108407716 -0.007783507009988017 0.0010991179088777462 nan -0.04448514449367607 -0.12087576683788812 -0.11973018608653983 nan -0.2440431201277272
0 nan nan nan nan nan nan nan nan nan nan nan 0.12598815766974242 0.24093544077473364 nan nan 0.12598815766974242 0.14509525002200233 -0.09157015435010396 -0.15265485530152328 -0.08596023825918792 -0.1259881576697424 -0.1071428571428571 -0.10714285714285708 nan nan -0.10571558918834484 nan nan 0.13018460144537916
0 nan nan nan nan 0.12598815766974256 nan nan nan -0.0856464847655347 nan -0.11636742097307402 0.09765978921817442 -0.21616237007132463 -0.18122009407318745 -0.19475891374404067 -0.12596445621164218 -0.1396529591302146 0.09460699064154036 0.11170062025329408 0.04829927553194453 -0.07918899353195646 0.14037324575601345 0.1309553280403639 0.0996710517402535 -0.007400304898844217 0.09948286858404551 -0.10484706863531394 0.08427009716003837 -0.23214745998835043
0 0.08596023825918796 0.10107973914385386 nan nan nan nan nan nan -0.08865883367423005 nan -0.11997080114833647 0.12267647436414592 -0.20630904311022835 -0.18122009407318745 -0.19475891374404067 -0.12593037033647297 -0.1393851734383167 0.08645118526325206 0.11222896014972096 -0.06621708523022857 -0.18803867136362357 -0.0871213167621147 -0.09746228341779346 0.05601120336112065 0.1041279357983744 -0.08308901179334525 0.1448376478556981 0.08662419913591095 0.19750815743333827
0 nan nan nan nan 0.12598815766974256 nan nan nan -0.08492374533024959 nan -0.11605497758687511 0.1258682760389931 -0.10644982009892065 0.16260385071056344 0.17456272800103118 0.1259564186195676 0.14070540953079688 -0.09178645320197687 0.01915916938754068 -0.1435644340553566 0.014321329274608472 -0.14697934740301835 -0.12729561276457055 0.11421711709723174 0.026676768425777687 -0.08521703960938647 0.14300982260650213 0.06792595946961803 0.19638895145346774
0 nan nan nan nan nan nan nan nan nan nan nan nan nan nan nan nan nan nan nan nan nan nan nan nan nan nan nan nan nan
0 0.03920031661439747 0.06126357341930314 0.1812200940731874 0.19475891374404075 0.11959348005979797 nan nan -0.14509525002199503 0.13195916253330398 0.05976143046671959 0.11830239372192679 0.12581315048363034 0.024032737148913318 -0.16645854096293922 -0.17246698302828373 0.12509847885202993 0.1337573056531024 -0.10889031723408427 0.022672406521159802 -0.12397173796992544 -0.11809436366131651 -0.23116643226901684 -0.2277515289330947 -0.12598697871201428 0.10246539294819243 -0.10384581305578033 -0.13434240632160757 nan 0.25133947463559525
0 nan nan nan nan nan nan nan nan nan nan nan nan nan nan nan nan nan nan nan nan nan nan nan nan nan nan nan nan nan
0 nan nan nan nan nan nan nan nan nan nan nan 0.1259881576697424 0.13176826273591455 nan nan 0.1259881576697424 0.1450952500220023 -0.09352209981401431 -0.11260489605954876 -0.08596008918358151 -0.12598793917615297 -0.10714267133152476 -0.10714267133152472 nan nan -0.11019398261622555 nan nan 0.217192152243556
0 0.036893922595745275 0.012191496227354298 -0.1812200940731874 -0.19475891374404053 -0.03333333333333335 nan nan nan -0.2661152743553858 -0.05976143046671959 -0.1101837002797915 0.12568939329458836 -0.30036161690467017 0.17882447919697897 0.19185062487394275 -0.006594263481287482 0.1081621863189374 -0.03792424893235486 0.029705372377375094 -0.05048345707341676 0.19544894725024936 0.11501612491768969 0.1445707610599324 0.1259842236816023 -0.04662753897695161 0.06654737172401992 0.14118666162727844 0.046953014151584246 -0.08776597949775573
0 nan nan nan nan nan nan nan nan 0.1551582227085438 nan nan 0.1256433584031128 0.02618131308208503 0.18122009407318743 0.19475891374404056 0.12596473481068848 0.1426427664005794 -0.09198497036784599 -0.07224394102922174 -0.12760050958641259 0.020263811965058682 -0.1691602797490634 -0.1526995117031903 nan 0.047946330148538344 -0.09258634230497635 nan nan 0.2700289457031608
0 -0.16796775328674884 -0.15488061853246593 nan nan nan 0.009841833239745535 0.037373385844019086 -0.042772554300513056 -0.21647381348328568 0.15515822270854407 0.17777451246299106 0.12596817984064818 -0.06423327633490926 0.12258245337771256 0.13548296346413846 0.11424394144709853 0.14418110579733184 -0.10219827178655255 0.017347036234582804 -0.1349078611163623 -0.12416715926580964 -0.08391585083813655 -0.0756632872041004 0.12598026039473711 0.02266734669727268 -0.01473366007817187 -0.11677484162422871 0.03124006941157352 0.17274354436764922
0 nan nan nan nan nan nan nan nan nan nan nan nan nan nan nan nan nan nan nan nan nan nan nan nan nan nan nan nan nan
0 nan nan nan nan nan nan nan nan 0.05976143046671968 nan nan nan nan 0.04794633014853841 0.04794633014853841 0.03333333333333333 0.07027283689263066 -0.25181161789935524 nan -0.09967105174025309 -0.12447721437309589 -0.2752305936832752 -0.2752305936832752 -0.12598815766974242 0.1620348524420861 0.22961073240459418 nan nan 0.07027283689263066
0 nan nan nan nan nan nan nan nan nan nan nan nan nan nan nan nan 0.07014723744122017 -0.17433346455211945 nan -0.04291885021871706 0.14788336125526497 -0.12576297758327862 -0.12576297758327862 nan nan nan nan nan nan
0 nan nan nan nan nan nan nan nan nan nan nan -0.05976143046671968 0.2750119752763542 nan nan -0.09860132971832693 -0.09792674029419371 0.07023089547624596 -0.12294735569455728 -0.09967105174025309 -0.09399430472409186 -0.23926908440016806 -0.22311791341978243 nan -0.1411559895663871 -0.22961073240459418 0.046864113448299397 -0.07221931681477016 0.14303115904554664
0 nan nan nan nan nan nan nan nan nan nan nan nan nan nan nan nan nan nan nan nan nan nan nan nan nan nan nan nan nan
0 nan nan nan nan nan nan nan nan 0.05976143046671968 nan nan nan nan nan nan nan 0.04794633014853841 0.07014723744122017 nan -0.15412588774125732 -0.1870024136529865 -0.3283212482839954 -0.3283212482839954 nan 0.04794633014853841 nan nan nan nan
0 nan nan nan nan nan nan nan nan 0.05976143046671968 nan nan nan nan nan nan nan 0.04791968589521738 0.07976772519998071 0.03333333333333333 -0.14520057987419369 -0.1559335809510666 -0.2970442628930023 -0.2970442628930023 -0.12598815766974242 0.04794633014853841 nan nan nan nan
0 nan nan nan nan nan nan nan nan 0.05976143046671968 nan nan nan nan -0.04794633014853841 -0.04794633014853841 -0.11559441580594297 0.07030550999447562 -0.10650280131818393 -0.07008468973601258 -0.17306082857702584 -0.21336097014246186 -0.3138533188175989 -0.3138533188175989 -0.12598815766974242 0.15795149169653808 0.2256171976349257 nan nan -0.29703382545513496
0 -0.04558894187560996 -0.07594056737763509 -0.17903334618924352 -0.19109540956793106 -0.12512619892159138 -0.015277388014661391 -0.038268744659188135 -0.22784616652049716 0.0 -0.031235571574709898 0.08253636207402304 -0.12512619892159138 0.0 0.17900651064293535 0.19098759832687137 nan 0.14066710362609017 -0.06295514013740944 0.20025605339258923 -0.0827046916303388 -0.08188455463595759 -0.2660824302399689 -0.26605482689633536 0.12318183337019499 0.061510680967353425 -0.19857668313239063 0.023302409255403687 -0.1849652394141638 0.25577474177589166
0 0.12241973752860019 0.09192562370959609 -0.17836605595767988 -0.1905046959148314 -0.12512619892159138 -0.07745986682083678 -0.10085645975221226 -0.23748165024983015 -0.010220641747207498 -0.041616877858174285 0.1440533447033375 -0.12394864631924417 0.0 0.17694980548903214 0.18899933265869312 nan 0.13992479182911458 -0.2369262444743862 0.14809912248067003 -0.06548838258597244 -0.14021153400916542 -0.3300991629584518 -0.3300657436556116 0.1233631165195967 0.02049105942077745 -0.04178795191128837 0.023287117955603957 -0.020497307012595202 0.22474055000946128
0 -0.22578450740774078 -0.1955349046169356 0.16796775328675628 0.18122009407318743 0.12318183337019499 -0.35223823906712587 -0.3321114767881068 -0.11949783258829355 0.06146069259585599 0.13586825688005674 0.18436335784460003 -0.12292937436273248 0.1558837681218914 -0.17773242675808304 -0.19026461428710284 -0.1235634553659376 -0.1396494393973147 -0.08193095271211977 0.0 -0.25367208718520523 -0.2802527533545675 -0.3481209071400979 -0.3480505583655815 -0.12300134707051603 0.1645986681665477 0.12546991654448852 0.0 0.08244299991932097 0.13344970786479754
0 0.22081628248616605 0.23543118237552602 0.18122009407318743 0.19475891374404053 nan 0.061718969870211735 0.030980469098071964 nan -0.09589463565289072 nan 0.2716216874233744 -0.12294735569455728 -0.010248653506297601 -0.14260798430977362 -0.15567104805308413 -0.09860132971832693 0.13963114031587634 0.12288395670512238 0.28834313318008337 -0.05742486049107358 0.010807424391991893 0.024538909038049703 0.0491782228825159 -0.12598815766974242 -0.03191233063025839 nan -0.14375905768565214 0.08764126365830904 -0.011115095730608433
0 -0.06896551724137931 -0.04794633014853841 nan nan nan nan nan -0.14509525002200233 -0.07357318832522652 nan 0.26725395452631245 0.0 0.0 -0.10044096420252915 -0.07646785431725195 0.12512619892159138 0.13957628620245882 0.08221517480767349 0.14427524985881168 -0.04098165257591311 0.01086728749397319 0.1108783045220192 0.11090111194888226 -0.12598815766974242 -0.08536168179039307 -0.15020800966359063 -0.13983282679004458 0.01065730152372391 -0.19458863400763715
0 nan nan nan nan nan nan nan nan nan nan nan 0.1234540587483279 0.23748165024983015 nan nan 0.12598815766974242 0.1426928447661439 -0.0863667034175061 -0.1762058832787215 -0.11706701550171689 0.0 -0.1594336733877525 -0.14301100089081153 nan -0.07010552037690532 -0.2103584844333879 -0.05976143046671968 -0.11480898206240103 -0.031490993340133056
0 nan nan nan nan nan nan nan nan nan nan nan nan nan 0.04794633014853841 0.04794633014853841 nan 0.03333333333333333 0.03333333333333333 nan 0.11473709062908488 0.16816513026823288 0.14301100089081153 0.14301100089081153 -0.12598815766974242 0.04794633014853841 nan nan nan nan
0 nan nan nan nan nan nan nan nan 0.05976143046671968 nan nan nan nan -0.04794633014853841 -0.04794633014853841 nan 0.07010552037690532 0.08915558282417288 nan -0.10798815678707362 -0.1402997793221981 -0.29050303702208735 -0.29050303702208735 nan 0.04794633014853841 nan nan nan 0.04794633014853841
0 nan nan nan nan nan nan nan nan nan nan nan -0.09820613241770824 0.14509525002200233 0.04794633014853841 0.04794633014853841 0.12598815766974242 0.14375905768565214 -0.14496496665180109 0.12512619892159138 nan -0.07027283689263066 -0.08591246929842244 -0.10701963357460793 nan 0.08896568786347508 -0.13540064007726602 -0.08006407690254357 0.04942538214637504 nan
0 nan nan nan nan nan nan nan nan nan nan nan nan nan nan nan nan nan nan nan nan nan nan nan nan nan nan nan nan nan
0 nan nan nan nan nan nan nan nan nan nan nan nan nan 0.04794633014853841 0.04794633014853841 nan 0.03333333333333333 0.03333333333333333 nan nan nan nan nan nan 0.04794633014853841 nan nan nan nan
0 nan nan nan nan nan nan nan nan 0.05976143046671968 nan nan nan nan -0.06892719241639057 -0.06892719241639057 0.05969269964413234 0.0887958158105911 -0.12479835106235823 0.12301936000860345 -0.0748182034649853 -0.1538092429866281 -0.28234870910660465 -0.2832869204356968 -0.12598815766974242 0.08877700114445965 0.1145746593804474 0.023302409255403687 -0.11254088638139233 -0.2108342109475562
0 nan nan nan nan nan nan nan nan nan nan nan -0.12598815766974242 nan nan nan -0.12598815766974242 -0.14375905768565214 0.12598815766974242 -0.12512619892159138 0.04794633014853841 0.10107973914385378 0.10701963357460793 0.1256881854401288 nan 0.04794633014853841 nan -0.08006407690254357 -0.12512619892159138 nan
0 nan nan nan nan nan nan nan nan nan nan nan 0.0 0.24835208168381423 nan nan 0.12400396819047416 -0.023326938114042604 -0.11475478000631739 -0.19261636438731586 nan -0.1873171623163388 -0.1750376465530869 -0.1904274441694482 nan -0.10623347760177798 -0.13432173332088906 -0.08006407690254357 -0.07008468973601258 nan
0 nan nan nan nan nan nan nan nan nan nan nan 0.12598815766974242 0.28544961285922504 nan nan 0.12598815766974242 nan -0.04794633014853841 -0.10678154733180595 -0.08596023825918793 -0.1259881576697424 -0.10714285714285714 -0.10714285714285714 nan nan -0.07014723744122017 nan nan -0.08898462277650494
0 nan nan nan nan nan nan nan nan nan nan nan 0.12598815766974242 0.12598815766974242 nan nan 0.12598815766974242 0.14509525002200233 -0.09860132971832693 -0.08915558282417288 -0.08596023825918793 -0.1259881576697424 -0.10714285714285714 -0.10714285714285714 nan nan -0.11609591237233642 nan nan 0.26695386832951484
0 nan nan nan nan nan nan nan nan nan nan nan nan nan nan nan nan nan nan nan 0.04291885021871706 -0.1994812496437588 0.08596023825918793 0.05976143046671968 nan nan nan nan nan 0.1551582227085438
0 nan nan nan nan nan nan nan nan nan nan nan nan 0.1551582227085438 nan nan nan -0.14509525002200233 0.08915558282417288 -0.07027283689263066 nan nan nan nan nan nan nan nan nan 0.14375905768565214
0 nan nan nan nan nan nan nan nan nan nan nan nan -0.1551582227085438 nan nan nan 0.14509525002200233 -0.08915558282417288 0.07027283689263066 nan nan nan nan nan nan nan nan nan -0.14375905768565214
0 nan nan nan nan nan nan nan nan nan nan nan nan nan nan nan nan nan nan nan nan nan nan nan nan nan nan nan nan nan
0 nan nan nan nan nan nan nan nan nan nan nan nan 0.1551582227085438 0.18122009407318743 0.19475891374404053 nan 0.14509525002200233 -0.09792674029419371 0.07027283689263066 nan nan nan nan nan nan nan nan nan -0.1521669401985329
0 nan nan nan nan nan nan nan nan nan nan nan nan nan nan nan nan nan nan nan nan nan nan nan nan nan nan nan nan nan
0 nan nan nan nan nan nan nan nan -0.08006407690254357 nan -0.10715167512214395 nan 0.03333333333333333 -0.06892719241639057 -0.06892719241639057 nan 0.03333333333333333 0.015937850451799535 -0.03333333333333333 0.050389587141192266 0.07385381169507393 0.06280676328836547 0.06280676328836547 nan -0.04791968589521738 0.10623347760177798 nan nan -0.3905988770298428
0 nan nan nan nan nan nan nan nan -0.08006407690254357 nan nan nan -0.06494372236659932 -0.06892719241639057 -0.06892719241639057 -0.12598815766974242 -0.1181692174974683 0.06368255916012348 0.1165273556583705 0.08520286456846099 0.14704548844265808 0.14296699073408672 0.16027024998515174 nan -0.04791968589521738 -0.10989959998981834 -0.12400396819047416 nan -0.2599722784944302
0 nan nan nan nan nan nan nan nan -0.08006407690254357 nan nan -0.12598815766974242 0.0 -0.06892719241639057 -0.06892719241639057 -0.12598815766974242 -0.09453537399797463 0.07412712143972298 0.08914158995226308 0.08520286456846099 0.14704548844265808 0.14296699073408672 0.16027024998515174 nan -0.04791968589521738 -0.10989959998981834 -0.12400396819047416 nan -0.24695685324802594
0 nan nan nan nan nan nan nan nan nan nan nan 0.12598815766974242 0.23869598397385416 nan nan 0.12598815766974242 0.14509525002200233 -0.09794529229593149 -0.15351629054269225 -0.08596023825918793 -0.1259881576697424 -0.10714285714285714 -0.10714285714285714 nan nan -0.11480898206240103 nan nan 0.19167874358086953
0 nan nan nan nan 0.12598815766974242 nan nan nan 0.0 nan -0.12298334204267009 0.10632423667651372 -0.20511906978739244 -0.18122009407318743 -0.19475891374404053 -0.12400396819047416 -0.1395580158592688 0.1488101850390899 0.010272697914379025 -0.008193241639808115 0.010812925753708317 0.1838544215268323 0.1838544215268323 0.1065613032733335 0.0 0.22292298331161287 -0.11480898206240103 0.08887119427561735 -0.24850664165003575
0 0.08596023825918793 0.10107973914385378 nan nan nan nan nan nan 0.0 nan -0.12298334204267009 0.1234540587483279 -0.20486897531951995 -0.18122009407318743 -0.19475891374404053 -0.12394864631924417 -0.1395580158592688 0.04917174974509299 0.010266409148614014 -0.057309520459006266 -0.08622289161114044 0.07330343128190124 0.07330343128190124 0.05943705521611525 0.10721125348377948 0.020666046694565274 0.14375905768565214 0.08885233166386386 0.1853254077848464
0 nan nan nan nan 0.12598815766974242 nan nan nan 0.0 nan -0.12298334204267009 0.12291140091803335 -0.040894971307797255 0.17684623521063084 0.18889502838327732 0.12400396819047416 0.1397410428439623 -0.06215891557298763 0.030634066235600266 -0.1882554986685254 0.086240343871538 0.0 0.03668883131186969 0.12318183337019499 0.010632787187957396 0.02066391166209978 0.14113709191725413 0.07014723744122017 0.18395295625572683
0 nan nan nan nan nan nan nan nan nan nan nan nan nan nan nan nan nan nan nan nan nan nan nan nan nan nan nan nan nan
0 -0.03181631581332327 0.0 0.18122009407318743 0.19475891374404053 0.12512619892159138 nan nan -0.14509525002200233 0.17445779183111426 0.05976143046671968 0.27693893568612105 0.12292937436273248 -0.06136729196553185 -0.17682037104446538 -0.18879089660668505 0.12394864631924417 0.1395580158592688 -0.10214448043933584 0.01023513764999021 -0.10643196656672592 -0.11843670982103317 -0.2563029866952395 -0.25627712754300747 -0.12400396819047416 0.12331015960944254 0.0 -0.1426928447661439 nan 0.2054749433198897
0 nan nan nan nan nan nan nan nan nan nan nan nan nan nan nan nan nan nan nan nan nan nan nan nan nan nan nan nan nan
0 nan nan nan nan nan nan nan nan nan nan nan 0.12598815766974242 0.14180306099696194 nan nan 0.12598815766974242 0.14509525002200233 -0.09759459663423815 -0.14795054042923686 -0.08586137653785332 -0.12584326037318713 -0.10701963357460793 -0.10701963357460793 nan nan -0.11455669393002252 nan nan 0.21474566929123118
0 0.048293771868160376 0.016068734586697376 -0.18122009407318743 -0.19475891374404053 -0.03333333333333333 nan nan nan -0.2869622981763328 -0.05976143046671968 -0.2564249404501121 0.12310954355565322 -0.26570982570271656 0.17682037104446538 0.18879089660668505 -0.04942538214637504 0.1395580158592688 -0.04087017395050488 -0.02047235086655609 -0.0900239551752834 0.21527427399323815 0.12201211081471644 0.15859975053813696 0.12334495217929067 -0.10247611923541082 0.19845085567242363 0.14113709191725413 0.04791968589521738 -0.20426833708770714
0 nan nan nan nan nan nan nan nan 0.1551582227085438 nan nan 0.12312760407706713 -0.061673989506072106 0.18122009407318743 0.19475891374404053 0.12512619892159138 0.14010926757412698 -0.063652588544693 -0.031037578218237338 -0.1724701382282744 -0.10231649565516264 -0.25106145623799764 -0.23609539232646787 nan 0.04794633014853841 0.0 nan nan 0.1985137394941252
0 -0.16796775328675628 -0.15488061853247326 nan nan nan -0.05195582615859039 -0.017291944179128386 0.022185145434258303 -0.2774478591212457 0.1551582227085438 0.2677197211646644 0.12291140091803335 -0.10443679351301165 0.14143561457844947 0.1544440013670933 0.1235634553659376 0.1395580158592688 -0.16369583473657065 0.0 -0.057280793880530215 0.053813138586728516 0.07319988486375552 0.07319250547113999 0.1232905072628534 0.024668990435858133 0.020666046694565274 -0.11677484162422844 -0.011429624898770337 0.16362954769812219
0 nan nan nan nan nan nan nan nan nan nan nan nan nan nan nan nan nan nan nan nan nan nan nan nan nan nan nan nan nan