P1, P2, S10, S25, S33, S35, S37, S39, S40, S41, S46, S47, S5, S53, S55, S6, S64, S7, S70, S8, S9, S163, S164, S165, S178, S180, S166, S167, S169, S170, S130, S171, S172, S173, S174, S179, S183, S204, S205, S206, S157, S158, S159
nan nan nan nan nan 0.07027283689263064 0.09263928578395808 -0.21957720273192585 -0.21957720273192585
nan nan nan nan nan 0.04532984139116247 -0.1739930404175721 -0.1548806185324733 -0.12865350418053548
nan nan nan nan nan nan 0.16930399095627385 -0.2020637473354726 -0.2020637473354726
nan nan nan nan nan nan nan nan nan
nan nan nan nan nan 0.047946330148538434 0.06792595946961791 -0.26290514501493595 -0.26290514501493595
nan nan nan nan nan 0.04532984139116247 0.0759326396601999 -0.2383172923768685 -0.23831729237686847
nan nan nan nan nan 0.0011802966185845273 0.040085767538220456 -0.2553892024831233 -0.2553892024831233
0.02903551204632616 -0.08006407690254358 -0.02387674380450912 0.0554809034826871 0.028249376569620576 0.0373702575916635 0.056166765304066266 -0.15981269208460683 -0.1342143055590849
0.06614009202624138 -0.07993474719333682 0.005909756771057288 0.03615955159900546 0.008568526256111647 0.03767145757840782 0.023413760343787532 -0.12988721254792196 -0.1046827312674178
-0.02433500634141168 0.07953894981812086 0.15710245688583166 0.28063212998052817 0.2956077879652487 -0.07950359089123891 0.07166727169233163 -0.06790077460722684 -0.08287486046166846
0.11914541103183907 0.07915063785975289 -0.005103130527955999 -0.24486455277855637 -0.2501529096422691 0.07412827611720513 0.0356584898287075 0.18434760227730243 0.19253114103775323
0.05844557361243876 0.0800640769025437 -0.03521553913545572 -0.21263393501510333 -0.2169916085877573 0.07828767620938298 0.0019025267780569013 0.1482425750777581 0.15147372771510564
-0.10223491282888622 nan 0.5165514464459439 nan nan 0.08006407690254354 0.10357447130687318 -0.14369536685468604 -0.1361037105770475
-0.0778062443457646 nan -0.09398866025298803 nan nan 0.033333333333333354 0.033333333333333354 0.10922074230593844 0.10922074230593842
nan nan nan nan nan 0.06617825960083584 0.08723567442899584 -0.23095832995920026 -0.23095832995920026
nan nan nan nan nan 0.0435725585925885 -0.06851575236758882 nan nan
nan nan nan nan nan nan nan nan nan
-0.0778062443457646 nan -0.07910740875576122 nan nan 0.033333333333333354 0.033333333333333354 nan nan
nan -0.0800640769025436 nan nan nan 0.06838876294415916 0.02541899828193613 -0.22244851747480318 -0.22232461240681894
nan nan nan nan nan -0.0778062443457646 0.08006407690254354 0.04794633014853837 0.04794633014853838
-0.11444147895631987 -0.03333333333333333 -0.10072162742486254 0.2508593653025259 0.2526855039750069 0.08006407690254354 -0.06807070002068502 -0.04794633014853841 -0.08038518387514997
-0.1259881576697424 nan nan nan nan nan 0.17135721718138927 -0.19475891374404056 -0.16796775328675628
0.08006407690254354 nan -0.04695301415158425 nan nan nan nan nan -0.04794633014853841
-0.04950136130615419 nan -0.04695301415158425 nan nan nan 0.17287996534916353 -0.19475891374404056 -0.17797472346813667
nan nan nan nan nan nan 0.14509525002200238 0.15488061853247326 0.12865350418053548
nan nan nan nan nan nan nan nan 0.06896551724137931
nan nan nan nan nan nan nan nan -0.06896551724137931
nan nan nan nan nan nan nan nan -0.04794633014853841
-0.1259881576697424 nan nan nan nan nan 0.17135721718138927 -0.19475891374404056 -0.16796775328675628
0.08006407690254354 nan -0.04695301415158425 nan nan nan nan nan -0.04794633014853841
-0.04950136130615419 nan -0.04695301415158425 nan nan nan 0.17287996534916353 -0.19475891374404056 -0.17797472346813667
nan nan nan nan nan nan 0.14509525002200238 0.15488061853247326 0.12865350418053548
nan nan nan nan nan nan nan nan 0.06896551724137931
nan nan nan nan nan nan nan nan -0.06896551724137931
nan nan nan nan nan nan nan nan -0.04794633014853841
nan nan nan nan nan nan -0.13540064007726602 -0.15488061853247326 -0.14886037786204256
nan nan nan nan nan nan nan nan nan
nan nan nan nan nan 0.03333333333333334 -0.12697176677525157 -0.03478637573725633 -0.034786375737253884
-0.053490943846326675 nan 0.04794633014864158 nan nan 0.03346096116240893 -0.15534594652917552 -0.08536543182807868 -0.08996440632115658
-0.17039029741001063 nan 0.04794633014864158 nan nan 0.03343542257224718 -0.15307832529940252 -0.10957138909705577 -0.10811968361584441
0.04191882845958553 0.07479042255487044 -0.007579206924979178 -0.21957720273192807 -0.20525081434828607 -0.05074305501960878 0.10246297770069779 0.23881887972593285 0.23003006922208905
0.03955043636941034 0.08006407690254354 -0.018928257569759795 nan nan -0.04714171102105961 0.27106628915992254 0.0677863661802924 0.0512498742040494
0.08714352868392422 0.08006407690254361 -0.023250950105978774 -0.1386829397530078 -0.1254789134070907 0.04185556515959472 0.021722551285662778 -0.1759595468684057 -0.1431110681411469
nan nan nan nan nan 0.07027283689263066 0.09792674029419371 -0.22081628248616605 -0.22081628248616605
nan nan nan nan nan 0.04791968589521738 -0.17433346455211945 -0.15488061853247326 -0.1286535041805354
nan nan nan nan nan nan 0.18102961408587803 -0.20678157724917173 -0.20678157724917173
nan nan nan nan nan nan nan nan nan
nan nan nan nan nan 0.04794633014853841 0.07014723744122017 -0.26341067879509816 -0.26341067879509816
nan nan nan nan nan 0.04791968589521738 0.07976772519998071 -0.23831729237686844 -0.23831729237686844
nan nan nan nan nan -0.015937850451799535 -0.14725661636587353 -0.25180312326397825 -0.25180312326397825
0.020659643581570502 -0.08006407690254357 -0.030916124969745364 0.02985568118068781 0.0 0.07968925225899767 0.25182056054963775 -0.04507100642051039 -0.04483964149451717
0.06281475685222981 -0.07976772519998071 0.010285310194039155 0.029968344528865466 0.0 0.07968925225899767 -0.010271648984176221 0.014838405351525655 0.01476408773172378
0.12107051481851912 0.07974808523287275 0.16427930358739376 0.34656759226953976 0.3537255309644083 -0.07974808523287275 0.15377670241838357 -0.07409289558145163 -0.07373028543305364
0.14336461615597612 0.07986614315869564 -0.010223742826949314 -0.2775191197303769 -0.27767352864441586 0.07966967018418206 0.0 0.20773767492135917 0.20671830581806666
0.02048481753828889 0.08006407690254357 -0.06133005076135429 -0.25139572166515833 -0.25221251195906463 0.07966967018418206 0.0 0.23152636893237113 0.2303752052112365
-0.09832273220044115 nan 0.49103066208854124 nan nan 0.08006407690254357 0.12410474347585135 -0.19109540956793106 -0.17836605595767988
-0.07986614315869564 nan -0.09776024529086742 nan nan 0.03333333333333333 0.03333333333333333 0.11473709062908488 0.11473709062908488
nan nan nan nan nan 0.07010552037690532 0.08915558282417288 -0.23306929592273898 -0.23306929592273898
nan nan nan nan nan 0.07986614315869564 -0.09854546669615599 nan nan
nan nan nan nan nan nan nan nan nan
-0.07986614315869564 nan -0.07986614315869564 nan nan 0.03333333333333333 0.03333333333333333 nan nan
nan -0.08006407690254357 nan nan nan 0.07968925225899767 -0.1234363597853533 -0.22727983764606505 -0.22602943477318282
nan nan nan nan nan -0.07986614315869564 0.08006407690254357 0.04794633014853841 0.04794633014853841
-0.05173465619094145 -0.03333333333333333 -0.07312119327059037 0.2753840909431845 0.2752033729377586 0.08006407690254357 -0.07008468973601258 -0.04794633014853841 -0.08582849835302242
-0.12598815766974242 nan nan nan nan nan 0.17231798104097645 -0.19475891374404053 -0.16796775328675628
0.08006407690254357 nan -0.04791968589521738 nan nan nan nan nan -0.04794633014853841
-0.05609428869789632 nan -0.04791968589521738 nan nan nan 0.17229597785107115 -0.19475891374404053 -0.17998026131178935
nan nan nan nan nan nan 0.14509525002200233 0.15488061853247326 0.1286535041805354
nan nan nan nan nan nan nan nan 0.06896551724137931
nan nan nan nan nan nan nan nan -0.06896551724137931
nan nan nan nan nan nan nan nan -0.04794633014853841
-0.12598815766974242 nan nan nan nan nan 0.17231798104097645 -0.19475891374404053 -0.16796775328675628
0.08006407690254357 nan -0.04791968589521738 nan nan nan nan nan -0.04794633014853841
-0.05609428869789632 nan -0.04791968589521738 nan nan nan 0.17229597785107115 -0.19475891374404053 -0.17998026131178935
nan nan nan nan nan nan 0.14509525002200233 0.15488061853247326 0.1286535041805354
nan nan nan nan nan nan nan nan 0.06896551724137931
nan nan nan nan nan nan nan nan -0.06896551724137931
nan nan nan nan nan nan nan nan -0.04794633014853841
nan nan nan nan nan nan -0.13540064007726602 -0.15488061853247326 -0.1535934996642765
nan nan nan nan nan nan nan nan nan
nan nan nan nan nan 0.03333333333333333 -0.21492336536573323 0.050389587141192266 0.050389587141192266
-0.024621908711130645 nan 0.04794633014853841 nan nan 0.07006387765248435 -0.20988596374395327 -0.19558435312053005 -0.19407105875436018
-0.2741031599367311 nan 0.04794633014853841 nan nan 0.05966984201371583 -0.20988596374395327 -0.19558435312053005 -0.19471529960985937
-0.020747671560078642 0.07976772519998071 0.10609596784802568 -0.22081628248616605 -0.20678157724917173 -0.07974808523287275 0.08176513397765998 0.3109666626054783 0.3094469630386947
-0.010370596149778664 0.08006407690254357 0.10609596784802568 nan nan -0.07974808523287275 0.22556210634378168 0.20733237435317767 0.20638183632818666
0.1950816730100301 0.08006407690254357 -0.08200590099982624 -0.1412587094253156 -0.1282404902601946 0.07968925225899767 -0.020441283494414996 -0.029631071948866706 0.029486116793561435
nan nan nan nan nan 0.07027283689263064 0.09552364746661364 -0.21766660205361194 -0.21766660205361194
nan nan nan nan nan 0.04753826885415283 -0.17183584915586766 -0.15488061853247326 -0.12865350418053537
nan nan nan nan nan nan 0.17395415281425125 -0.2038441697340272 -0.2038441697340272
nan nan nan nan nan nan nan nan nan
nan nan nan nan nan 0.047946330148538406 0.06931669932133817 -0.2566661430860928 -0.2566661430860928
nan nan nan nan nan 0.04753826885415283 0.07827803638564369 -0.2383172923768684 -0.2383172923768684
nan nan nan nan nan -0.015485740327062772 -0.13112201362143716 -0.23060405495573447 -0.23060405495573447
0.01809973280466669 -0.08006407690254358 -0.026854307776478733 0.02636032383065925 0.0 0.07742870163531387 0.2271847336988259 -0.039996444918448296 -0.03934278207850637
0.0563436169819011 -0.07827803638564369 0.008887572309026984 0.026664296612298865 0.0 0.07742870163531387 -0.00877395544052757 0.012798967932837165 0.012605820947258062
0.10972602697183963 0.07799182688479127 0.1408721450120998 0.2948810103518024 0.3001289893936515 -0.07799182688479127 0.13070685697443984 -0.06332158475140234 -0.06245610098182378
0.12157835800107808 0.07886003723456397 -0.008597082645141372 -0.25303219941992805 -0.25376035113940576 0.07715167498104596 0.0 0.17813088886112988 0.1756737934010738
0.017388017698576702 0.08006407690254358 -0.05152540399295446 -0.2313017995304829 -0.2337947315772777 0.07715167498104596 0.0 0.20377985515383934 0.20078292933783654
-0.09157015435010395 nan 0.48521689524936723 nan nan 0.08006407690254358 0.11813623789327113 -0.18493272576324882 -0.1727865801183511
-0.07886003723456397 nan -0.09473309334313418 nan nan 0.03333333333333333 0.03333333333333333 0.11259433727776123 0.11259433727776123
nan nan nan nan nan 0.06900655593423541 0.08798826901281197 -0.2271398783756669 -0.2271398783756669
nan nan nan nan nan 0.07886003723456397 -0.09331389496316868 nan nan
nan nan nan nan nan nan nan nan nan
-0.07886003723456397 nan -0.07886003723456397 nan nan 0.03333333333333333 0.03333333333333333 nan nan
nan -0.08006407690254358 nan nan nan 0.07742870163531387 -0.105777177069589 -0.21297856793670644 -0.20949259494173816
nan nan nan nan nan -0.07886003723456397 0.08006407690254358 0.047946330148538406 0.047946330148538406
-0.04459666322410171 -0.03333333333333333 -0.06350528962771201 0.24641355518702712 0.24541525173657044 0.08006407690254358 -0.06870053865727262 -0.047946330148538406 -0.0844651635442475
-0.12598815766974242 nan nan nan nan nan 0.16791512356486687 -0.19475891374404053 -0.16796775328675628
0.08006407690254358 nan -0.04753826885415283 nan nan nan nan nan -0.047946330148538406
-0.05323971374999499 nan -0.04753826885415283 nan nan nan 0.16760038078849773 -0.19475891374404053 -0.17745732941523407
nan nan nan nan nan nan 0.14509525002200233 0.15488061853247326 0.12865350418053537
nan nan nan nan nan nan nan nan 0.0689655172413793
nan nan nan nan nan nan nan nan -0.0689655172413793
nan nan nan nan nan nan nan nan -0.047946330148538406
-0.12598815766974242 nan nan nan nan nan 0.16791512356486687 -0.19475891374404053 -0.16796775328675628
0.08006407690254358 nan -0.04753826885415283 nan nan nan nan nan -0.047946330148538406
-0.05323971374999499 nan -0.04753826885415283 nan nan nan 0.16760038078849773 -0.19475891374404053 -0.17745732941523407
nan nan nan nan nan nan 0.14509525002200233 0.15488061853247326 0.12865350418053537
nan nan nan nan nan nan nan nan 0.0689655172413793
nan nan nan nan nan nan nan nan -0.0689655172413793
nan nan nan nan nan nan nan nan -0.047946330148538406
nan nan nan nan nan nan -0.13540064007726602 -0.15488061853247326 -0.15006449469682576
nan nan nan nan nan nan nan nan nan
nan nan nan nan nan 0.03333333333333333 -0.19999999999999998 0.04919189679432818 0.04919189679432818
-0.023186944788008413 nan 0.047946330148538406 nan nan 0.06839855680567694 -0.19576189011674536 -0.18410408914745593 -0.17985729488581695
-0.2546858159868053 nan 0.047946330148538406 nan nan 0.05872202195147034 -0.19576189011674536 -0.18410408914745593 -0.18164104723984456
-0.018122009407318743 0.07827803638564369 0.09649345555330811 -0.21766660205361194 -0.2038441697340272 -0.07799182688479127 0.06854904886176873 0.264114380904504 0.26055312516736917
-0.00903876907577734 0.08006407690254358 0.09649345555330811 nan nan -0.07799182688479127 0.1910517054302656 0.17627852425453622 0.17428661257908737
0.1665129859823793 0.08006407690254358 -0.06978985634536183 -0.1393604098043924 -0.12656143785860083 0.07742870163531387 -0.017137262215442182 -0.025269934785963444 0.024926110128508865
