P1, P2, S10, S25, S33, S35, S37, S39, S40, S41, S46, S47, S5, S53, S55, S6, S64, S7, S70, S8, S9, S163, S164, S165, S178, S180, S166, S167, S169, S170, S130, S171, S172, S173, S174, S179, S183, S204, S205, S206, S157, S158, S159
nan nan nan nan nan nan 0.03333333333333333 0.18122009407318745 0.20870354281618947
nan nan nan nan nan nan 0.14509525002200235 0.22317802113732865 0.2542738138578039
nan nan nan nan nan nan 0.08692009194511788 0.18122009407318745 0.20870354281618952
nan nan nan nan nan nan nan nan nan
nan nan nan nan nan nan 0.03333333333333336 0.15173204448111446 0.17797472346813661
nan nan nan nan nan nan 0.047946330148538496 0.15488061853247326 0.18122009407318745
nan nan nan nan nan nan -0.0053455420082723784 0.12952345155628606 0.15555596477779782
0.0023728949893829254 -0.04794633014854386 -0.035666040696750036 -0.017389843384753637 -0.045282918113945664 nan 0.027575578517391404 0.22283237086827418 0.2538435712771693
-0.03199215625767585 -0.04794633014854386 -0.012533215470509921 -0.05115657410237923 -0.08030523324176256 nan 0.07967913425976009 0.22202487190802156 0.25298400586267794
0.07019340213028492 0.04532984139115865 0.0927274330337347 -0.14799749290716271 -0.11054246097370402 0.06588078458685322 -0.1779448313806582 -0.060646812086712645 -0.03294689944231675
0.01946520635525454 0.04794633014853309 0.02878897879981099 0.005675464410087832 0.022961050563861704 -0.07027283689262187 -0.1661989539668812 -0.18761991730976632 -0.17656226057554972
0.0489835710989401 nan 0.016427090630471153 -0.035327545905093086 -0.016892550169930885 -0.07027283689262187 -0.14728603381473293 -0.19519697415764914 -0.2140084814727222
0.1305670216474912 nan 0.47434164902525694 nan nan nan 0.16200910765470905 0.00775753404224314 0.022742941307367103
nan nan -0.047946330148538434 nan nan nan 0.03333333333333336 0.10922074230593844 0.10922074230593842
nan nan nan nan nan nan 0.03333333333333336 0.17797472346813661 0.20525081434828635
nan nan nan nan nan nan -0.05719606504608268 nan nan
nan nan nan nan nan nan nan nan nan
nan nan nan nan nan nan 0.03333333333333336 nan nan
nan -0.047946330148535256 nan 0.12865350418053328 0.12865350418053045 nan -0.02945877867572602 0.18662246865092602 0.21438383399557026
nan nan nan nan nan nan 0.03333333333333336 0.0479463301485384 0.04794633014853844
0.1346910425055029 -0.04074342352361871 0.25181130997912227 -0.049555565639660584 -0.06911952723266888 nan -0.1162822469676872 nan nan
0.135400640077266 nan nan nan nan nan 0.1605672629122938 0.18122009407318745 0.20870354281618947
nan nan 0.8263730490678831 nan nan nan nan nan nan
0.135400640077266 nan 0.8263730490678831 nan nan nan 0.16200910765470905 0.18122009407318745 0.20870354281618947
nan nan nan nan nan nan -0.22973414586817037 -0.22317802113732865 -0.2542738138578039
nan nan nan nan nan nan 0.11677484162422844 nan nan
nan nan nan nan nan nan -0.11677484162422844 nan nan
nan nan nan nan nan nan -0.03333333333333335 nan nan
0.135400640077266 nan nan nan nan nan 0.1605672629122938 0.18122009407318745 0.20870354281618947
nan nan 0.8263730490678831 nan nan nan nan nan nan
0.135400640077266 nan 0.8263730490678831 nan nan nan 0.16200910765470905 0.18122009407318745 0.20870354281618947
nan nan nan nan nan nan -0.22973414586817037 -0.22317802113732865 -0.2542738138578039
nan nan nan nan nan nan 0.11677484162422844 nan nan
nan nan nan nan nan nan -0.11677484162422844 nan nan
nan nan nan nan nan nan -0.03333333333333335 nan nan
nan nan nan nan nan nan 0.21672493389016642 0.2231780211373287 0.2542738138578039
nan nan nan nan nan nan nan nan nan
nan nan nan nan nan nan 0.0015990553439133852 -0.040847350267288696 -0.04084735026728912
0.06743697074991077 nan -0.49322002520775277 nan nan nan 0.010487318665239572 -0.004221962670192201 0.0025200805168645126
0.028457824031845658 nan -0.49322002520775277 nan nan nan 0.011562747729740185 0.03908025642145792 0.051813853690933276
-0.10411184686531504 nan -0.32205015582337365 0.16478470175630278 0.17797472346813664 nan -0.20536057641182312 -0.21788267016454238 -0.24816438257996049
-0.10756939495498899 nan -0.2523252997467969 nan nan nan -0.18512808441209347 -0.20041005945906873 -0.223551722501052
0.09787988415395125 nan -0.039586466009538544 0.11650492215726237 0.13347693416475714 nan 0.18878952598009022 0.2065261055054461 0.2350175015993368
nan nan nan nan nan nan 0.03333333333333333 0.18122009407318743 0.2087035428161895
nan nan nan nan nan nan 0.14509525002200233 0.22317802113732874 0.2542738138578039
nan nan nan nan nan nan 0.12310954355565322 0.18122009407318743 0.2087035428161895
nan nan nan nan nan nan nan nan nan
nan nan nan nan nan nan 0.03333333333333333 0.15412588774125732 0.17998026131178935
nan nan nan nan nan nan 0.04794633014853841 0.15488061853247326 0.18122009407318743
nan nan nan nan nan nan 0.15602226994230253 0.049445951022007384 0.08015030641262162
0.021029905777583797 -0.04794633014853841 -0.04124269898392609 0.0 -0.02985568118068781 nan -0.07363619256569567 0.21503219823888092 0.23944574527335788
-0.03145077494142365 -0.04794633014853841 0.0 -0.029781274382935846 -0.05958108963753193 nan 0.26854763692670874 0.2128372434044104 0.23725024010225404
0.03217053380110209 0.04791968589521738 0.09228479569508466 -0.30353156460200226 -0.27335868197405533 0.07014723744122017 -0.225195859532117 -0.016365941108722918 0.01580558973278051
0.010245529710388725 0.04794633014853841 -0.020443350253784763 -0.0074709319644449485 0.022462109035223735 -0.07027283689263066 -0.19448733323228287 -0.21329233896684474 -0.17424877498455088
0.010260131918342883 nan -0.04088256698882999 -0.02994947871363165 0.0 -0.07027283689263066 -0.14310345177649333 -0.2131045933947482 -0.23786336285400694
0.13279746572031992 nan 0.4743416490252569 nan nan nan 0.16201385122983508 0.11706701550171689 0.14731192665046375
nan nan -0.04794633014853841 nan nan nan 0.03333333333333333 0.11473709062908488 0.11473709062908488
nan nan nan nan nan nan 0.03333333333333333 0.17998026131178935 0.20678157724917173
nan nan nan nan nan nan -0.1001009591372731 nan nan
nan nan nan nan nan nan nan nan nan
nan nan nan nan nan nan 0.03333333333333333 nan nan
nan -0.04794633014853841 nan 0.1286535041805354 0.1286535041805354 nan -0.02079754844897284 0.21614147667662417 0.2435141117636411
nan nan nan nan nan nan 0.03333333333333333 0.04794633014853841 0.04794633014853841
0.13961284842605975 -0.04791968589521738 0.22858175110514015 0.007645374108307647 -0.022861240889915622 nan -0.11493575280445711 nan nan
0.13540064007726602 nan nan nan nan nan 0.1620348524420861 0.18122009407318743 0.2087035428161895
nan nan 0.7187952884282608 nan nan nan nan nan nan
0.13540064007726602 nan 0.7187952884282608 nan nan nan 0.16201385122983508 0.18122009407318743 0.2087035428161895
nan nan nan nan nan nan -0.22973414586817034 -0.22317802113732874 -0.2542738138578039
nan nan nan nan nan nan 0.11677484162422844 nan nan
nan nan nan nan nan nan -0.11677484162422844 nan nan
nan nan nan nan nan nan -0.03333333333333333 nan nan
0.13540064007726602 nan nan nan nan nan 0.1620348524420861 0.18122009407318743 0.2087035428161895
nan nan 0.7187952884282608 nan nan nan nan nan nan
0.13540064007726602 nan 0.7187952884282608 nan nan nan 0.16201385122983508 0.18122009407318743 0.2087035428161895
nan nan nan nan nan nan -0.22973414586817034 -0.22317802113732874 -0.2542738138578039
nan nan nan nan nan nan 0.11677484162422844 nan nan
nan nan nan nan nan nan -0.11677484162422844 nan nan
nan nan nan nan nan nan -0.03333333333333333 nan nan
nan nan nan nan nan nan 0.21672493389016634 0.22317802113732874 0.2542738138578039
nan nan nan nan nan nan nan nan nan
nan nan nan nan nan nan 0.10249155122393824 0.028609499451007474 0.028609499451007474
0.07008468973601258 nan -0.6708756025330433 nan nan nan 0.11282249406895577 0.18386626340682058 0.21267731558465447
0.05931045857565006 nan -0.6708756025330433 nan nan nan 0.11282249406895577 0.18386626340682058 0.21267731558465447
0.020982811288046695 nan -0.318287903544077 0.16699118830499482 0.17998026131178935 nan -0.2451715091012305 -0.21278389405066986 -0.23708384599170765
0.020751994442000765 nan -0.3298058971949432 nan nan nan -0.2151998503943627 -0.21278389405066986 -0.23708384599170765
0.11294202121633322 nan 0.0 0.1086624480156077 0.13347693416475742 nan 0.20435086975252437 0.21278389405066986 0.23708384599170765
nan nan nan nan nan nan 0.03333333333333333 0.18122009407318743 0.20870354281618947
nan nan nan nan nan nan 0.14509525002200233 0.2231780211373287 0.2542738138578039
nan nan nan nan nan nan 0.11593472394004208 0.18122009407318743 0.20870354281618947
nan nan nan nan nan nan nan nan nan
nan nan nan nan nan nan 0.03333333333333333 0.15201600052612735 0.17745732941523407
nan nan nan nan nan nan 0.047946330148538406 0.15488061853247326 0.18122009407318743
nan nan nan nan nan nan 0.145407955664943 0.046183916480588325 0.07469761980573636
0.018831089428867732 -0.047946330148538406 -0.0358921268038777 0.0 -0.02636032383065925 nan -0.06653102732642345 0.2025816859570158 0.2215969183863437
-0.028209146888372238 -0.047946330148538406 0.0 -0.02613095680184698 -0.05232671451340051 nan 0.23217987856995528 0.19421381149491454 0.21394759496263566
0.02862991671569341 0.04753826885415283 0.07869345938805025 -0.26052890996781064 -0.2337468967701619 0.06931669932133817 -0.18998017872197462 -0.014867525836251312 0.014159136794714974
0.008684168428648435 0.047946330148538406 -0.01715616708849929 -0.006606743641551166 0.01989592909039841 -0.07027283689263064 -0.1640737907144326 -0.19645173997291995 -0.1578288094523776
0.00872373204317023 nan -0.034274524430884364 -0.026527905453864548 0.0 -0.07027283689263064 -0.11996083550809528 -0.19645173997291995 -0.21750554646215306
0.12804555422442268 nan 0.47434164902525694 nan nan nan 0.15761209220625313 0.11313893217116627 0.1422669324192028
nan nan -0.047946330148538406 nan nan nan 0.03333333333333333 0.11259433727776123 0.11259433727776123
nan nan nan nan nan nan 0.03333333333333333 0.17745732941523407 0.2038441697340272
nan nan nan nan nan nan -0.0986977613596807 nan nan
nan nan nan nan nan nan nan nan nan
nan nan nan nan nan nan 0.03333333333333333 nan nan
nan -0.047946330148538406 nan 0.12865350418053537 0.12865350418053537 nan -0.018189335989946678 0.2066226977964023 0.2325232098812622
nan nan nan nan nan nan 0.03333333333333333 0.047946330148538406 0.047946330148538406
0.1284322598135871 -0.04753826885415283 0.1978852598143175 0.006930088470767143 -0.02070393867785859 nan -0.11003464599109522 nan nan
0.13540064007726602 nan nan nan nan nan 0.1579125921782295 0.18122009407318743 0.20870354281618947
nan nan 0.7130740328122925 nan nan nan nan nan nan
0.13540064007726602 nan 0.7130740328122925 nan nan nan 0.15761209220625313 0.18122009407318743 0.20870354281618947
nan nan nan nan nan nan -0.22973414586817037 -0.2231780211373287 -0.2542738138578039
nan nan nan nan nan nan 0.11677484162422844 nan nan
nan nan nan nan nan nan -0.11677484162422844 nan nan
nan nan nan nan nan nan -0.03333333333333333 nan nan
0.13540064007726602 nan nan nan nan nan 0.1579125921782295 0.18122009407318743 0.20870354281618947
nan nan 0.7130740328122925 nan nan nan nan nan nan
0.13540064007726602 nan 0.7130740328122925 nan nan nan 0.15761209220625313 0.18122009407318743 0.20870354281618947
nan nan nan nan nan nan -0.22973414586817037 -0.2231780211373287 -0.2542738138578039
nan nan nan nan nan nan 0.11677484162422844 nan nan
nan nan nan nan nan nan -0.11677484162422844 nan nan
nan nan nan nan nan nan -0.03333333333333333 nan nan
nan nan nan nan nan nan 0.20444383868581986 0.2231780211373287 0.2542738138578039
nan nan nan nan nan nan nan nan nan
nan nan nan nan nan nan 0.09393364366277242 0.02815505451474917 0.02815505451474917
0.06870053865727262 nan -0.6655357639581396 nan nan nan 0.10540925533894598 0.1767881101867335 0.20438887327585054
0.05791629903507591 nan -0.6655357639581396 nan nan nan 0.10540925533894598 0.1767881101867335 0.20438887327585054
0.018609684207969417 nan -0.2894803666599243 0.16467394817202194 0.17745732941523407 nan -0.20474715475413247 -0.19358832255474456 -0.21238705192072463
0.018257418583505537 nan -0.309591093811518 nan nan nan -0.18154790347345073 -0.19358832255474456 -0.21238705192072463
0.09618089480761699 nan 0.0 0.1071056786147618 0.13156364453199926 nan 0.17099639201419237 0.19358832255474456 0.21238705192072463
