P1, P2, S10, S25, S33, S35, S37, S39, S40, S41, S46, S47, S5, S53, S55, S6, S64, S7, S70, S8, S9, S163, S164, S165, S178, S180, S166, S167, S169, S170, S130, S171, S172, S173, S174, S179, S183, S204, S205, S206, S157, S158, S159
nan nan nan nan nan nan 0.05976143046671971 0.11516335992621966 0.14182715723279388
nan nan nan nan nan nan 0.11677484162422846 0.15488061853247326 0.18122009407318745
nan nan nan nan nan nan -0.0927212735780481 0.11516335992621968 0.14182715723279385
nan nan nan nan nan nan nan nan nan
nan nan nan nan nan nan 0.047946330148538434 0.08238898354981677 0.11191571637059639
nan nan nan nan nan nan 0.05601120336112041 0.0859602382591879 0.11516335992621966
-0.059636747197035204 nan nan nan nan nan -0.002401704792794802 0.052716057998309335 0.08768799128299308
-0.033802307289033606 -0.08232155446473739 -0.045174031380331735 0.03328750210356203 0.0032320512515341417 nan 0.0305739997231687 0.1546544773037483 0.18094543304747357
0.04005603448033833 -0.08230963795113387 0.03520166719043666 -4.526651924081683e-15 -0.026820280178508914 nan 0.0038075249993694887 0.15398825759633908 0.1801912803918768
0.11875287494496167 0.022742941307365063 -0.2635055718947672 -0.06405910527838356 -0.05051742237136455 0.10478224436798804 0.04285095669228521 -0.13280224194175086 -0.10855824178266052
-0.09260993555487948 0.09454572549092226 -0.01667906627426714 0.1561809474964045 0.1609553311803534 -0.11677484162422291 -0.20517657144609427 -0.15328667246416264 -0.17313646811635627
-0.042448817192867506 0.07780624434576569 0.007918536552906835 0.12554336228726246 0.1308324231893754 -0.11677484162422291 -0.21652228043859456 -0.14927610895091442 -0.16934387555836128
0.11225696422164716 nan -0.07027283689263082 nan nan nan 0.01199952002879808 -0.033624131956954295 -0.016208817969462167
nan nan -0.04794633014853842 nan nan nan 0.033333333333333305 0.09770401435159617 0.09770401435159617
nan nan nan nan nan nan 0.06617825960083586 0.11191571637059639 0.1386829397530081
nan nan nan nan nan nan -0.09432251747270194 nan nan
nan nan nan nan nan nan nan nan nan
nan nan nan nan nan nan 0.033333333333333305 nan nan
nan -0.09860132971832704 nan 0.12865350418053098 0.1286535041805296 nan 0.03153816970441566 0.12105808882122879 0.14724655371272502
nan nan nan nan nan nan 0.033333333333333305 nan nan
0.09168583598059075 -0.06731724926785408 -0.23591710870966015 -0.19273173040301536 -0.20469858693915383 -0.033333333333333874 -0.12426881008472172 nan nan
0.0894427190999916 nan nan nan nan nan 0.01199952002879808 0.11516335992621966 0.14182715723279388
nan nan -0.05875368656523094 nan nan nan nan nan nan
0.08944271909999159 nan -0.05875368656523094 nan nan nan 0.01199952002879808 0.11516335992621966 0.14182715723279388
nan nan nan nan nan nan 0.1885618083164127 -0.15488061853247326 -0.18122009407318745
nan nan nan nan nan nan 0.12598815766974253 nan nan
nan nan nan nan nan nan -0.12598815766974245 nan nan
nan nan nan nan nan nan -0.047946330148538434 nan nan
0.0894427190999916 nan nan nan nan nan 0.01199952002879808 0.11516335992621966 0.14182715723279388
nan nan -0.05875368656523094 nan nan nan nan nan nan
0.08944271909999159 nan -0.05875368656523094 nan nan nan 0.01199952002879808 0.11516335992621966 0.14182715723279388
nan nan nan nan nan nan 0.1885618083164127 -0.15488061853247326 -0.18122009407318745
nan nan nan nan nan nan 0.12598815766974253 nan nan
nan nan nan nan nan nan -0.12598815766974245 nan nan
nan nan nan nan nan nan -0.047946330148538434 nan nan
nan nan nan nan nan nan -0.22915675969261842 0.15488061853247326 0.18122009407318743
nan nan nan nan nan nan nan nan nan
nan nan nan nan nan nan -0.08998055809942208 0.047946330148570006 0.04794633014858366
0.06743697075000443 nan 0.05768737109010834 nan nan nan -0.17697759172923616 0.15241274198470614 0.17855051462249774
0.0034380708208859405 nan 0.05768737109010834 nan nan nan -0.17725760997315157 0.1542140262378634 0.18050817847554435
-0.08963116918209704 -0.0778062443457668 -0.013295627218898706 0.09770401435159613 0.11191571637059639 0.033333333333332105 -0.1994526806241026 -0.1502673000180631 -0.1764843201990739
-0.08134608460519324 nan -0.08154083732929193 nan nan nan 0.05124693171711033 -0.14656486036673613 -0.16767245279751947
-0.004201692117591265 nan -0.11248607102977881 0.17797472346813664 0.19142393847432457 0.05976143046672314 -0.40538647984445514 0.14300378971822353 0.16744694100050841
nan nan nan nan nan nan 0.05976143046671968 0.11516335992621968 0.14182715723279385
nan nan nan nan nan nan 0.11677484162422844 0.15488061853247326 0.18122009407318743
nan nan nan nan nan nan -0.16101529717988264 0.11516335992621968 0.14182715723279385
nan nan nan nan nan nan nan nan nan
nan nan nan nan nan nan 0.04794633014853841 0.08586137653785332 0.11487865402731763
nan nan nan nan nan nan 0.05969269964413234 0.08596023825918793 0.11516335992621968
-0.05969269964413234 nan nan nan nan nan 0.19181034589200027 -0.03816873712457637 0.0
-0.042046317149744016 -0.09759459663423815 -0.051447623108334825 0.044990331745763085 0.014993623020505989 nan -0.021159349754505848 0.15275303644910962 0.17731373965884673
0.05233452995071769 -0.09759459663423815 0.041200333591148296 -0.007479528677536283 -0.03731960147585976 nan -0.18538246902942274 0.1527009645074401 0.17684623521063084
0.08366431588984875 0.04185776324210664 -0.26679061041902813 -0.11104813339097643 -0.10393307960935969 0.1148270664890805 0.05122764855194362 -0.11448670933639551 -0.07071780728922474
-0.041057261834178405 0.09776024529086742 0.020439217361747426 0.17866911696212714 0.17878037952628592 -0.11677484162422844 -0.26616755183994134 -0.15317153870309017 -0.17731373965884673
-0.03078039575502865 0.07986614315869564 0.02043302272079238 0.11894020669001051 0.11894020669001051 -0.11677484162422844 -0.2759573271746025 -0.1528573403441239 -0.17702760272536458
0.1152088245906472 nan -0.07027283689263066 nan nan nan 0.023244461940282596 0.038319175708513314 0.07134642238307196
nan nan -0.04794633014853841 nan nan nan 0.03333333333333333 0.10089907816093972 0.10089907816093972
nan nan nan nan nan nan 0.07010552037690532 0.11487865402731763 0.1412587094253156
nan nan nan nan nan nan -0.15108900261183686 nan nan
nan nan nan nan nan nan nan nan nan
nan nan nan nan nan nan 0.03333333333333333 nan nan
nan -0.09860132971832693 nan 0.1286535041805354 0.1286535041805354 nan 0.04136202094968212 0.15301419758431264 0.17781126128258873
nan nan nan nan nan nan 0.03333333333333333 nan nan
0.09757624316033178 -0.07968925225899767 -0.23756137112747314 -0.22545293318094337 -0.23783539044691854 -0.03333333333333333 -0.1232905072628534 nan nan
0.08944271909999159 nan nan nan nan nan 0.023244461940282596 0.11516335992621968 0.14182715723279385
nan nan -0.05969269964413234 nan nan nan nan nan nan
0.08944271909999159 nan -0.05969269964413234 nan nan nan 0.023244461940282596 0.11516335992621968 0.14182715723279385
nan nan nan nan nan nan 0.18856180831641267 -0.15488061853247326 -0.18122009407318743
nan nan nan nan nan nan 0.12598815766974242 nan nan
nan nan nan nan nan nan -0.12598815766974242 nan nan
nan nan nan nan nan nan -0.04794633014853841 nan nan
0.08944271909999159 nan nan nan nan nan 0.023244461940282596 0.11516335992621968 0.14182715723279385
nan nan -0.05969269964413234 nan nan nan nan nan nan
0.08944271909999159 nan -0.05969269964413234 nan nan nan 0.023244461940282596 0.11516335992621968 0.14182715723279385
nan nan nan nan nan nan 0.18856180831641267 -0.15488061853247326 -0.18122009407318743
nan nan nan nan nan nan 0.12598815766974242 nan nan
nan nan nan nan nan nan -0.12598815766974242 nan nan
nan nan nan nan nan nan -0.04794633014853841 nan nan
nan nan nan nan nan nan -0.2273030282830976 0.15488061853247326 0.18122009407318743
nan nan nan nan nan nan nan nan nan
nan nan nan nan nan nan -0.267382811000352 0.04794633014853841 0.04794633014853841
0.07008468973601258 nan 0.05969269964413234 nan nan nan -0.3423697425077526 0.15412588774125732 0.17998026131178935
0.035073618720610086 nan 0.05969269964413234 nan nan nan -0.34985801655128057 0.15412588774125732 0.17998026131178935
-0.04212295768850133 -0.07986614315869564 0.021109106219529515 0.10089907816093972 0.11487865402731763 0.03333333333333333 -0.22478595672777682 -0.15267494849830548 -0.17682037104446538
-0.010559107393950712 nan -0.06837061753447704 nan nan nan 0.12293386895604536 -0.15267494849830548 -0.17682037104446538
0.020520263836685766 nan -0.08187280145825523 0.17998026131178935 0.1932070251578184 0.05976143046671968 -0.2860623180910933 0.15267494849830548 0.17682037104446538
nan nan nan nan nan nan 0.05976143046671968 0.11516335992621968 0.14182715723279385
nan nan nan nan nan nan 0.11677484162422844 0.15488061853247326 0.18122009407318743
nan nan nan nan nan nan -0.151940723672134 0.11516335992621968 0.14182715723279385
nan nan nan nan nan nan nan nan nan
nan nan nan nan nan nan 0.047946330148538406 0.08495482076828985 0.11343148142323309
nan nan nan nan nan nan 0.05906244232186183 0.08596023825918792 0.11516335992621968
-0.05906244232186183 nan nan nan nan nan 0.1732050807568877 -0.0361580305112528 0.0
-0.0375624113212674 -0.09345802722104672 -0.04449060679995661 0.04020422005641731 0.013383990944930148 nan -0.01916531915253563 0.14532249409236753 0.16777720557562956
0.0467065399339359 -0.09345802722104672 0.035762785385721335 -0.006631976363466137 -0.03295040478832407 nan -0.15941067939721712 0.14497607525854994 0.16510329410361665
0.0731211329476109 0.04037864265436241 -0.2283867199010496 -0.09531545486627219 -0.08959277552986014 0.10978875820670998 0.043420842143242176 -0.10821795400621297 -0.06578182226599963
-0.035055365469974585 0.09473309334313418 0.017118419700436514 0.15659205853725425 0.15717527120227595 -0.11677484162422844 -0.2247735947766533 -0.14781901402782993 -0.16777720557562956
-0.026171196129510684 0.07886003723456397 0.017080920378948455 0.1042660615197868 0.1042660615197868 -0.11677484162422844 -0.23109866595589298 -0.14637684281957505 -0.1667593364912675
0.11128935753663703 nan -0.07027283689263064 nan nan nan 0.02291144655411569 0.037232264940378505 0.06911463204734045
nan nan -0.047946330148538406 nan nan nan 0.03333333333333333 0.09970444051403546 0.09970444051403546
nan nan nan nan nan nan 0.06900655593423541 0.11343148142323309 0.1393604098043924
nan nan nan nan nan nan -0.148924402601752 nan nan
nan nan nan nan nan nan nan nan nan
nan nan nan nan nan nan 0.03333333333333333 nan nan
nan -0.09860132971832693 nan 0.12865350418053537 0.12865350418053537 nan 0.03555028923610794 0.14745447829651 0.17058538730926276
nan nan nan nan nan nan 0.03333333333333333 nan nan
0.0932091372259788 -0.07742870163531387 -0.2053898925811143 -0.20748141946823873 -0.21783786987438108 -0.03333333333333333 -0.11688114555304611 nan nan
0.08944271909999159 nan nan nan nan nan 0.02291144655411569 0.11516335992621968 0.14182715723279385
nan nan -0.05906244232186183 nan nan nan nan nan nan
0.08944271909999159 nan -0.05906244232186183 nan nan nan 0.02291144655411569 0.11516335992621968 0.14182715723279385
nan nan nan nan nan nan 0.18856180831641264 -0.15488061853247326 -0.18122009407318743
nan nan nan nan nan nan 0.12598815766974242 nan nan
nan nan nan nan nan nan -0.12598815766974242 nan nan
nan nan nan nan nan nan -0.047946330148538406 nan nan
0.08944271909999159 nan nan nan nan nan 0.02291144655411569 0.11516335992621968 0.14182715723279385
nan nan -0.05906244232186183 nan nan nan nan nan nan
0.08944271909999159 nan -0.05906244232186183 nan nan nan 0.02291144655411569 0.11516335992621968 0.14182715723279385
nan nan nan nan nan nan 0.18856180831641264 -0.15488061853247326 -0.18122009407318743
nan nan nan nan nan nan 0.12598815766974242 nan nan
nan nan nan nan nan nan -0.12598815766974242 nan nan
nan nan nan nan nan nan -0.047946330148538406 nan nan
nan nan nan nan nan nan -0.21433035249352808 0.15488061853247326 0.18122009407318743
nan nan nan nan nan nan nan nan nan
nan nan nan nan nan nan -0.2517182332798267 0.047946330148538406 0.047946330148538406
0.06870053865727262 nan 0.05906244232186183 nan nan nan -0.31675613357997523 0.15201600052612735 0.17745732941523407
0.03465834966066909 nan 0.05906244232186183 nan nan nan -0.3255872650117157 0.15201600052612735 0.17745732941523407
-0.03771236166328253 -0.07886003723456397 0.01906058984860988 0.09970444051403546 0.11343148142323309 0.03333333333333333 -0.18809603121561158 -0.1446321220450112 -0.16477796709963352
-0.00949157995752499 nan -0.06500270850261591 nan nan nan 0.10350983390135313 -0.1446321220450112 -0.16477796709963352
0.01746741545259172 nan -0.06900655593423541 0.17745732941523407 0.19047797528970314 0.05976143046671968 -0.23913288530527838 0.1446321220450112 0.16477796709963352
