P1, P2, S10, S25, S33, S35, S37, S39, S40, S41, S46, S47, S5, S53, S55, S6, S64, S7, S70, S8, S9, S163, S164, S165, S178, S180, S166, S167, S169, S170, S130, S171, S172, S173, S174, S179, S183, S204, S205, S206, S157, S158, S159
nan nan nan nan nan nan 0.07027283689263061 nan 0.06896551724137931
nan nan nan nan nan nan 0.07780624434576454 0.0859602382591879 0.11516335992621966
nan nan nan nan nan nan 0.12654716405430383 nan 0.06896551724137931
nan nan nan nan nan nan nan nan nan
nan nan nan nan nan nan 0.05976143046671968 nan nan
nan nan nan nan nan nan 0.05601120336112037 nan nan
-0.10746875187689085 nan nan nan nan nan 0.0007827671508348001 -0.0859571160507104 -0.11495458125547026
0.03957681181303736 -0.10908717493689067 -0.049596767610701455 0.07366924691736362 0.04453674341012418 nan 0.04659527656176098 0.08594910658683284 0.11506800458885097
0.025382919442881676 -0.10949111422196327 0.029393470086177254 0.03469880307849208 0.006882327126545129 nan 0.034276617721725446 0.08594689291949888 0.11480732293382907
0.04109079165751597 -0.04794633014853853 -0.010831430756807094 -0.016670955015294534 -0.01123193812207561 0.11677484162423149 0.2774661723992662 -0.08466907895545692 -0.11095978347328979
-0.03515678732231302 0.13892198724186383 0.018478953123790838 0.36640173672242426 0.37839686941183126 -0.07954039022303118 -0.12190999194559557 -0.08596023825918794 -0.11516335992621966
0.01132602440781615 0.11011917297880963 -0.007431013121501624 0.37463642922799234 0.38138779970842307 -0.11959348005979006 -0.10580967102285775 -0.08596023825918793 -0.11431011782710096
0.10241901073275188 nan 0.557773351022717 nan nan nan -0.1651890002775664 -0.08596023825918793 -0.06305282887554628
nan nan -0.08531131448088852 nan nan nan 0.047946330148538496 0.0859602382591879 0.09770401435159615
nan nan nan nan nan nan 0.07479042255487044 nan 0.06520198622764671
nan nan nan nan nan nan 0.1110978873085977 nan nan
nan nan nan nan nan nan nan nan nan
nan nan -0.07027283689263067 nan nan nan 0.047946330148538496 nan nan
nan -0.14509525002200155 nan -0.5360562674188967 -0.5360562674188982 nan 0.1180412601335107 0.08596023825918792 0.0787863156628148
nan nan nan nan nan nan 0.08531131448088851 nan nan
0.04532984139116246 -0.11349105263439481 0.05892618386665924 -0.1530577383382999 -0.16724198498120527 -0.05727861638528909 0.29059341077295864 nan nan
0.03333333333333333 nan nan nan nan nan -0.1426948379659899 nan 0.06896551724137931
nan nan 0.39658738431530854 nan nan nan nan nan nan
0.03333333333333333 nan 0.39658738431530854 nan nan nan -0.1426948379659899 nan 0.06896551724137931
nan nan nan nan nan nan 0.22973414586817037 -0.0859602382591879 -0.11516335992621966
nan nan nan nan nan nan -0.264575131106459 nan nan
nan nan nan nan nan nan 0.2645751311064591 nan nan
nan nan nan nan nan nan -0.04794633014853844 nan nan
0.03333333333333333 nan nan nan nan nan -0.1426948379659899 nan 0.06896551724137931
nan nan 0.39658738431530854 nan nan nan nan nan nan
0.03333333333333333 nan 0.39658738431530854 nan nan nan -0.1426948379659899 nan 0.06896551724137931
nan nan nan nan nan nan 0.22973414586817037 -0.0859602382591879 -0.11516335992621966
nan nan nan nan nan nan -0.264575131106459 nan nan
nan nan nan nan nan nan 0.2645751311064591 nan nan
nan nan nan nan nan nan -0.04794633014853844 nan nan
nan nan nan nan nan nan 0.007161148740394349 0.0859602382591879 0.11516335992621966
nan nan nan nan nan nan nan nan nan
nan nan nan nan nan nan 0.03305830680511657 0.047946330148540724 0.04794633014855556
0.03333333333333384 nan -0.755180130632993 nan nan nan 0.03327081781519798 0.08596023825918951 0.11295873232410068
nan nan -0.755180130632993 nan nan nan 0.03326229543518977 0.08596023825918928 0.11454564387725576
-0.02167830635634246 -0.12373190531772123 -0.017078584845967266 nan nan 0.05976143046671459 0.17338061766566834 -0.08594235901390647 -0.11160009456914832
-0.09082812470630239 nan -0.07008681052610402 -0.06896551724138024 -0.047946330148536956 nan 0.10517469082691275 -0.08595935902854852 -0.11316413187632376
-0.018366031737687492 nan -0.0615745992081308 0.11191571637059639 0.12547891340709136 0.1076763804116284 -0.10300426491157125 0.08595867836354543 0.1081041024417096
nan nan nan nan nan nan 0.07027283689263066 nan 0.06896551724137931
nan nan nan nan nan nan 0.07986614315869564 0.08596023825918793 0.11516335992621968
nan nan nan nan nan nan -0.03384674822068673 nan 0.06896551724137931
nan nan nan nan nan nan nan nan nan
nan nan nan nan nan nan 0.05976143046671968 nan nan
nan nan nan nan nan nan 0.05969269964413234 nan nan
-0.10678154733180595 nan nan nan nan nan -0.1620472703332368 -0.08582849835302242 -0.11459604928427881
0.03172528181897691 -0.13959456372315557 -0.041094988663977934 0.08984843614089494 0.05985502712621092 nan 0.0 0.08582849835302242 0.11459604928427881
-0.020858756417827157 -0.13959456372315557 0.02056851479204556 0.014937185092411041 -0.014926284877704555 nan -0.06184496346896393 0.08582849835302242 0.11459604928427881
0.0 -0.02329934858562554 -0.05134252060201863 -0.04434202217477473 -0.04433749169995579 0.13438099726964547 0.2972713911243701 -0.08582849835302242 -0.11459604928427881
0.0 0.14077947251922665 0.020439217361747426 0.3723431713955357 0.37257518502573234 -0.12989839968997038 -0.09220976739349852 -0.08596023825918793 -0.11516335992621968
0.0 0.1235634553659376 0.0 0.38703616375119015 0.3873977109236758 -0.12989839968997038 -0.08183134057472427 -0.08596023825918793 -0.11470884069867292
0.10630606625227157 nan 0.5577733510227171 nan nan nan -0.17809723495865978 -0.08596023825918793 -0.022947418125816976
nan nan -0.08898462277650494 nan nan nan 0.04794633014853841 0.08596023825918793 0.10089907816093972
nan nan nan nan nan nan 0.07976772519998071 nan 0.06892719241639057
nan nan nan nan nan nan 0.09894176915848295 nan nan
nan nan nan nan nan nan nan nan nan
nan nan -0.07027283689263066 nan nan nan 0.04794633014853841 nan nan
nan -0.14509525002200233 nan -0.5360562674188974 -0.5360562674188974 nan 0.19097274212644622 0.08596023825918793 0.11470884069867292
nan nan nan nan nan nan 0.08898462277650494 nan nan
0.04791968589521738 -0.1239302221428036 0.04157769673115294 -0.1891299563059531 -0.18915611355057108 -0.05969269964413234 0.2914064867116194 nan nan
0.03333333333333333 nan nan nan nan nan -0.14375905768565214 nan 0.06896551724137931
nan nan 0.517336730249147 nan nan nan nan nan nan
0.03333333333333333 nan 0.517336730249147 nan nan nan -0.14375905768565214 nan 0.06896551724137931
nan nan nan nan nan nan 0.22973414586817034 -0.08596023825918793 -0.11516335992621968
nan nan nan nan nan nan -0.2645751311064591 nan nan
nan nan nan nan nan nan 0.2645751311064591 nan nan
nan nan nan nan nan nan -0.04794633014853841 nan nan
0.03333333333333333 nan nan nan nan nan -0.14375905768565214 nan 0.06896551724137931
nan nan 0.517336730249147 nan nan nan nan nan nan
0.03333333333333333 nan 0.517336730249147 nan nan nan -0.14375905768565214 nan 0.06896551724137931
nan nan nan nan nan nan 0.22973414586817034 -0.08596023825918793 -0.11516335992621968
nan nan nan nan nan nan -0.2645751311064591 nan nan
nan nan nan nan nan nan 0.2645751311064591 nan nan
nan nan nan nan nan nan -0.04794633014853841 nan nan
nan nan nan nan nan nan 0.010823953727766553 0.08596023825918793 0.11516335992621968
nan nan nan nan nan nan nan nan nan
nan nan nan nan nan nan 0.059197210540394056 0.04794633014853841 0.04794633014853841
0.03333333333333333 nan -0.5969269964413234 nan nan nan 0.09840107765641283 0.08596023825918793 0.11487865402731763
nan nan -0.5969269964413234 nan nan nan 0.089127603666784 0.08596023825918793 0.11487865402731763
0.06476772279540823 -0.12512619892159138 0.020907229351176497 nan nan 0.05976143046671968 0.20459906928095076 -0.08582849835302242 -0.11459604928427881
-0.16684616770594676 nan -0.18296654595627998 -0.06896551724137931 -0.04794633014853841 nan 0.1435979666520628 -0.08586137653785332 -0.11462421594300187
0.020617107725078312 nan -0.10242408769144445 0.11487865402731763 0.1282404902601946 0.1076763804116331 -0.18400875876156242 0.08586137653785332 0.11462421594300187
nan nan nan nan nan nan 0.07027283689263064 nan 0.0689655172413793
nan nan nan nan nan nan 0.07886003723456397 0.08596023825918792 0.11516335992621968
nan nan nan nan nan nan -0.03221897397089212 nan 0.0689655172413793
nan nan nan nan nan nan nan nan nan
nan nan nan nan nan nan 0.05976143046671968 nan nan
nan nan nan nan nan nan 0.05906244232186183 nan nan
-0.1043281061914602 nan nan nan nan nan -0.14874102932718242 -0.0844651635442475 -0.11097419040461881
0.028436338317849988 -0.12821215295120647 -0.03534153646693748 0.07999288983689659 0.05319167748334775 nan 0.0 0.0844651635442475 0.11097419040461881
-0.018349396085439344 -0.12821215295120647 0.017754121376376913 0.013196793041081597 -0.013163593509137895 nan -0.05338872815994792 0.0844651635442475 0.11097419040461881
0.0 -0.02166756950087197 -0.04392052305789416 -0.0379929508508414 -0.0379488499063771 0.12363908849478654 0.25241260113576186 -0.0844651635442475 -0.11097419040461881
0.0 0.13408030463079817 0.017118419700436514 0.3266369600230873 0.3278565173208864 -0.12804555422442268 -0.07815751585783591 -0.08596023825918792 -0.11516335992621968
0.0 0.11809742331947866 0.0 0.34012364433710335 0.34139672543527866 -0.12804555422442268 -0.06877666116113097 -0.08596023825918792 -0.11218265642117568
0.10176437026295687 nan 0.557773351022717 nan nan nan -0.16893660457598678 -0.08596023825918792 -0.022518867455552247
nan nan -0.08714893406611901 nan nan nan 0.047946330148538406 0.08596023825918792 0.09970444051403546
nan nan nan nan nan nan 0.07827803638564369 nan 0.06837856599513578
nan nan nan nan nan nan 0.0928773281434554 nan nan
nan nan nan nan nan nan nan nan nan
nan nan -0.07027283689263064 nan nan nan 0.047946330148538406 nan nan
nan -0.14509525002200233 nan -0.5360562674188973 -0.5360562674188973 nan 0.16814354376216922 0.08596023825918792 0.11218265642117568
nan nan nan nan nan nan 0.08714893406611901 nan nan
0.04753826885415283 -0.11935247900657214 0.036469279024295954 -0.17712010693022207 -0.1774539811321478 -0.05906244232186183 0.26874192494328497 nan nan
0.03333333333333333 nan nan nan nan nan -0.14171690798337436 nan 0.0689655172413793
nan nan 0.5118745001228026 nan nan nan nan nan nan
0.03333333333333333 nan 0.5118745001228026 nan nan nan -0.14171690798337436 nan 0.0689655172413793
nan nan nan nan nan nan 0.22973414586817037 -0.08596023825918792 -0.11516335992621968
nan nan nan nan nan nan -0.2645751311064591 nan nan
nan nan nan nan nan nan 0.2645751311064591 nan nan
nan nan nan nan nan nan -0.047946330148538406 nan nan
0.03333333333333333 nan nan nan nan nan -0.14171690798337436 nan 0.0689655172413793
nan nan 0.5118745001228026 nan nan nan nan nan nan
0.03333333333333333 nan 0.5118745001228026 nan nan nan -0.14171690798337436 nan 0.0689655172413793
nan nan nan nan nan nan 0.22973414586817037 -0.08596023825918792 -0.11516335992621968
nan nan nan nan nan nan -0.2645751311064591 nan nan
nan nan nan nan nan nan 0.2645751311064591 nan nan
nan nan nan nan nan nan -0.047946330148538406 nan nan
nan nan nan nan nan nan 0.010206207261596574 0.08596023825918792 0.11516335992621968
nan nan nan nan nan nan nan nan nan
nan nan nan nan nan nan 0.0570265948512201 0.047946330148538406 0.047946330148538406
0.03333333333333333 nan -0.5906244232186183 nan nan nan 0.09219184339938012 0.08596023825918792 0.11343148142323309
nan nan -0.5906244232186183 nan nan nan 0.08390607775994222 0.08596023825918792 0.11343148142323309
0.05994008985026202 -0.12337220169960088 0.018682615973574356 nan nan 0.05976143046671968 0.17232417095713917 -0.0844651635442475 -0.11097419040461881
-0.15630088747895868 nan -0.1709495372682753 -0.0689655172413793 -0.047946330148538406 nan 0.1217161238900369 -0.08495482076828985 -0.11137266274738304
0.01777514461805397 nan -0.08664587415167273 0.11343148142323309 0.12656143785860083 0.10767638041163309 -0.15423535993897963 0.08495482076828985 0.11137266274738304
