P1, P2, S10, S25, S33, S35, S37, S39, S40, S41, S46, S47, S5, S53, S55, S6, S64, S7, S70, S8, S9, S163, S164, S165, S178, S180, S166, S167, S169, S170, S130, S171, S172, S173, S174, S179, S183, S204, S205, S206, S157, S158, S159
nan nan nan nan nan 0.07027283689263067 -0.07146459189048196 -0.21957720273192585 -0.21957720273192582
nan nan nan nan nan 0.06792595946961791 -0.1739930404175721 -0.09770401435159617 -0.09770401435159619
nan nan nan nan nan -0.08003097605976238 0.09740113325792409 -0.20055818148586957 -0.17356300561501609
nan nan nan nan nan nan nan nan nan
nan nan nan nan nan 0.047946330148538385 0.06792595946961791 -0.2629051450149359 -0.26290514501493595
nan nan nan nan nan 0.045329841391162445 0.07593263966019996 -0.23831729237686847 -0.23831729237686847
nan nan nan nan nan 0.0014613251625362378 0.04042892502403595 -0.25538920248312336 -0.25538920248312336
-0.0048365083340656066 -0.12538957406581347 -0.018477090013565328 0.10526630790320173 0.07602566681897929 0.04475481967583525 0.02817368291779507 -0.10176599940769657 -0.07871485057993713
-0.025064817324238094 -0.12531431231161194 -0.04326686435149043 0.07854577800264115 0.050961042433509234 0.04484358326925451 -0.0007958422041524807 -0.10079310600859887 -0.08097794389657692
-0.1266460393315133 0.12547469561248142 -0.003058232680906602 -0.5276202387949648 -0.5007972402310378 -0.11181578673421672 -0.06967706717705388 -0.27827025655527843 -0.27515922149672206
0.23913703832384006 0.12053101915998131 0.20544942142836695 -0.2759733086615647 -0.28666440984049035 0.1099832551323085 0.13044428332415545 -0.04161957782238341 -0.03092428083599976
0.18956397792567412 0.1259881576697423 0.17875003555558522 -0.23236267834766716 -0.23236267834766952 0.11919702109274172 0.12153128622452214 0.023315088535041502 0.03771050586875012
-0.020661646636931902 nan -0.0692934867183585 nan nan 0.12163272811190745 -0.11994670219590525 -0.11410538398007235 -0.0999159224809631
-0.12373190531772257 nan -0.1396395026753423 nan nan 0.033333333333333305 0.033333333333333305 0.10922074230593846 0.10922074230593835
nan nan nan nan nan 0.06617825960083586 0.08723567442899585 -0.23095832995920018 -0.23095832995920018
nan nan nan nan nan 0.05661160240344026 -0.11209874600204026 -0.04794633014853844 -0.08238898354981675
nan nan nan nan nan nan nan nan nan
-0.12373190531772257 nan -0.12500464502703565 nan nan 0.033333333333333305 0.033333333333333305 nan nan
nan -0.1259881576697424 nan nan nan 0.06855376345876492 0.01082406095893186 -0.22216127353193538 -0.22206683522909598
nan nan nan nan nan -0.12373190531772257 0.12598815766974242 0.06896551724137931 0.09519014050432072
-0.18368702783541363 -0.08591412878537558 -0.038818327994742365 0.2445479423743922 0.24020821474658588 -0.022360251847318866 -0.11345930837845436 -0.09908589515836908 -0.1078187945044219
-0.08006407690254354 nan nan nan nan -0.04794633014853841 0.0366371652723656 -0.12865350418053542 -0.10107973914385382
0.12598815766974242 nan -0.04695301415158426 nan nan nan nan -0.04794633014853841 -0.04794633014853841
0.04001778963841561 nan -0.04695301415158426 nan nan -0.04794633014853841 -0.024433888871261054 -0.1386829397530081 -0.11191571637059637
nan nan nan nan nan -0.08006407690254354 0.1076763804116331 0.08596023825918801 0.04794633014853841
nan nan nan nan nan 0.08006407690254354 nan 0.11516335992621966 0.14182715723279388
nan nan nan nan nan -0.08006407690254354 nan -0.11516335992621966 -0.14182715723279385
nan nan nan nan nan -0.04794633014853841 nan -0.04794633014853841 -0.04794633014853841
-0.08006407690254354 nan nan nan nan -0.04794633014853841 0.0366371652723656 -0.12865350418053542 -0.10107973914385382
0.12598815766974242 nan -0.04695301415158426 nan nan nan nan -0.04794633014853841 -0.04794633014853841
0.04001778963841561 nan -0.04695301415158426 nan nan -0.04794633014853841 -0.024433888871261054 -0.1386829397530081 -0.11191571637059637
nan nan nan nan nan -0.08006407690254354 0.1076763804116331 0.08596023825918801 0.04794633014853841
nan nan nan nan nan 0.08006407690254354 nan 0.11516335992621966 0.14182715723279388
nan nan nan nan nan -0.08006407690254354 nan -0.11516335992621966 -0.14182715723279385
nan nan nan nan nan -0.04794633014853841 nan -0.04794633014853841 -0.04794633014853841
nan nan nan nan nan -0.08006407690254354 -0.09860132971832697 -0.14336583458970692 -0.14657902694650266
nan nan nan nan nan nan nan nan nan
nan nan nan nan nan 0.033452450201600925 -0.13050677498748323 -0.034786375737262544 -0.0347863757372635
-0.10008238720602128 nan 0.047946330148616864 nan nan 0.033477990050912 -0.1299865752071747 -0.09903873130806999 -0.10508974042384266
-0.1948018705078301 nan 0.047946330148616864 nan nan 0.033452450201600904 -0.1299865752071747 -0.10811968361586986 -0.10811968361582988
-0.0342474490967362 0.11973018608653982 -0.14332826907285268 -0.1517320444811145 -0.13868293975300788 -0.06458856130221967 0.2925999393652082 0.10996606597942586 0.09414124709691597
-0.033235394956967666 0.1259881576697424 -0.1449697728344912 nan nan -0.09033586268411829 0.23851007360266083 -0.038140441929605945 -0.06742822723753031
0.1257658171853312 0.12598815766974236 0.20574329794654267 -0.06520198622764563 -0.04794633014853596 0.025651013979117714 0.04751201891501349 -0.13654502104789928 -0.10641472528093437
nan nan nan nan nan 0.07027283689263066 -0.25181161789935524 -0.22081628248616605 -0.22081628248616605
nan nan nan nan nan 0.07014723744122017 -0.17433346455211945 -0.10089907816093972 -0.10089907816093972
nan nan nan nan nan -0.07986614315869564 0.07023089547624596 -0.20521986773441275 -0.17900651064293535
nan nan nan nan nan nan nan nan nan
nan nan nan nan nan 0.04794633014853841 0.07014723744122017 -0.26341067879509816 -0.26341067879509816
nan nan nan nan nan 0.04791968589521738 0.07976772519998071 -0.23831729237686844 -0.23831729237686844
nan nan nan nan nan 0.04931620290514136 -0.10650280131818393 -0.25180312326397825 -0.25180312326397825
-0.010313858527050449 -0.1233631165195967 -0.020598052114380302 0.0898201774718076 0.05984875925592553 0.1235634553659376 -0.06295514013740944 -0.171331197046024 -0.17126009050756155
-0.04148670275710263 -0.1233631165195967 -0.04109918695674712 0.04479753194555591 0.014929396789523566 0.12310954355565322 -0.2369262444743862 -0.25019993402754476 -0.2500985974765968
-0.14642805193952954 0.1244492262413485 -0.05150041698893537 -0.4197506316997749 -0.4197506316997749 -0.12298334204267009 -0.08193095271211977 -0.3088827930835156 -0.30863303941980846
0.2969997035814341 0.1234540587483279 0.1942904238639545 -0.27967300382132415 -0.28081686546153656 0.12298334204267009 0.12288395670512238 0.014747557117852755 0.044387403439517394
0.21524360354117947 0.12598815766974242 0.1736806931267352 -0.25617326477609154 -0.25617326477609154 0.12292937436273248 0.08221517480767349 0.08897546939245807 0.08897546939245807
0.010880850688333272 nan -0.07014723744122017 nan nan 0.1244678828978121 -0.0863667034175061 -0.140697042352326 -0.11473709062908488
-0.12512619892159138 nan -0.14182222745795328 nan nan 0.03333333333333333 0.03333333333333333 0.11473709062908488 0.11473709062908488
nan nan nan nan nan 0.07010552037690532 0.08915558282417288 -0.23306929592273898 -0.23306929592273898
nan nan nan nan nan 0.12512619892159138 -0.14496496665180109 -0.04794633014853841 -0.08586137653785332
nan nan nan nan nan nan nan nan nan
-0.12512619892159138 nan -0.12512619892159138 nan nan 0.03333333333333333 0.03333333333333333 nan nan
nan -0.12598815766974242 nan nan nan 0.0887958158105911 -0.12479835106235823 -0.22602943477318282 -0.22727983764606505
nan nan nan nan nan -0.12512619892159138 0.12598815766974242 0.06896551724137931 0.10083907275678568
-0.25590438583195113 -0.08915558282417288 0.020602282128207496 0.2755651654335071 0.27586775162923804 0.0 -0.11475478000631739 -0.12780429685269148 -0.15277909240434376
-0.08006407690254357 nan nan nan nan -0.04794633014853841 0.07085367255816566 -0.1286535041805354 -0.10107973914385378
0.12598815766974242 nan -0.04791968589521738 nan nan nan nan -0.04794633014853841 -0.04794633014853841
0.0558566718833197 nan -0.04791968589521738 nan nan -0.04794633014853841 0.07085367255816566 -0.1412587094253156 -0.11487865402731763
nan nan nan nan nan -0.08006407690254357 0.1076763804116331 0.08596023825918793 0.04794633014853841
nan nan nan nan nan 0.08006407690254357 nan 0.11516335992621968 0.14182715723279385
nan nan nan nan nan -0.08006407690254357 nan -0.11516335992621968 -0.14182715723279385
nan nan nan nan nan -0.04794633014853841 nan -0.04794633014853841 -0.04794633014853841
-0.08006407690254357 nan nan nan nan -0.04794633014853841 0.07085367255816566 -0.1286535041805354 -0.10107973914385378
0.12598815766974242 nan -0.04791968589521738 nan nan nan nan -0.04794633014853841 -0.04794633014853841
0.0558566718833197 nan -0.04791968589521738 nan nan -0.04794633014853841 0.07085367255816566 -0.1412587094253156 -0.11487865402731763
nan nan nan nan nan -0.08006407690254357 0.1076763804116331 0.08596023825918793 0.04794633014853841
nan nan nan nan nan 0.08006407690254357 nan 0.11516335992621968 0.14182715723279385
nan nan nan nan nan -0.08006407690254357 nan -0.11516335992621968 -0.14182715723279385
nan nan nan nan nan -0.04794633014853841 nan -0.04794633014853841 -0.04794633014853841
nan nan nan nan nan -0.08006407690254357 -0.09860132971832693 -0.15327670283405326 -0.15412588774125732
nan nan nan nan nan nan nan nan nan
nan nan nan nan nan 0.07006387765248435 -0.2214348480154862 0.050389587141192266 0.050389587141192266
-0.07802051300027345 nan 0.04794633014853841 nan nan 0.07966967018418206 -0.14180306099696194 -0.19343317053692372 -0.19407105875436018
-0.2584305621937216 nan 0.04794633014853841 nan nan 0.07006387765248435 -0.14180306099696194 -0.19471529960985937 -0.19471529960985937
0.0 0.12400396819047416 -0.2143033502442879 -0.15412588774125732 -0.1412587094253156 -0.09838667363413607 0.2656561306782817 0.1471764317809087 0.14765593272719046
0.0 0.12598815766974242 -0.2143033502442879 nan nan -0.12298334204267009 0.18428853505018536 0.05881696465203088 0.05881696465203088
0.051358244920881105 0.12598815766974242 0.20474427064610876 -0.06892719241639057 -0.04794633014853841 0.07376841341673436 0.020443350253784763 -0.029405508618305123 0.029402535812492712
nan nan nan nan nan 0.07027283689263064 -0.2456322363427208 -0.21766660205361194 -0.21766660205361194
nan nan nan nan nan 0.06931669932133817 -0.17183584915586766 -0.09970444051403546 -0.09970444051403546
nan nan nan nan nan -0.07886003723456397 0.06833198885140915 -0.19970896980736885 -0.17430228090406885
nan nan nan nan nan nan nan nan nan
nan nan nan nan nan 0.047946330148538406 0.06931669932133817 -0.2566661430860928 -0.2566661430860928
nan nan nan nan nan 0.04753826885415283 0.07827803638564369 -0.2383172923768684 -0.2383172923768684
nan nan nan nan nan 0.04675245822121844 -0.09530294924304941 -0.23060405495573447 -0.23060405495573447
-0.008983888367615418 -0.11760637161538763 -0.017838665289640683 0.07968542083294738 0.05298826688173473 0.11809742331947866 -0.05679618342470648 -0.14860684480349942 -0.14807003325457388
-0.036652542887008026 -0.11760637161538763 -0.03538299282895168 0.039490780527413685 0.013147087429279957 0.11593472394004208 -0.2051446508308679 -0.21139635314445984 -0.21068894562874632
-0.1281226380670474 0.12117874323511164 -0.04449060679995661 -0.3555977429717034 -0.3555977429717034 -0.11501092655705904 -0.06939489077239235 -0.25968509457547745 -0.2585411018121876
0.25212625662936217 0.11809742331947866 0.1633445702576861 -0.25982115383951737 -0.26301907302443744 0.11501092655705904 0.10374165912768613 0.012505374558068813 0.03786110678340897
0.1834078622522131 0.12598815766974242 0.1453469332120635 -0.24299670651520042 -0.24299670651520042 0.11455723277057846 0.07011073093994917 0.07706889077374131 0.07706889077374131
0.010096375546923044 nan -0.06931669932133817 nan nan 0.12144654188931506 -0.08004003002502189 -0.13701805122009747 -0.11259433727776123
-0.12337220169960088 nan -0.1366639777028183 nan nan 0.03333333333333333 0.03333333333333333 0.11259433727776123 0.11259433727776123
nan nan nan nan nan 0.06900655593423541 0.08798826901281197 -0.2271398783756669 -0.2271398783756669
nan nan nan nan nan 0.12337220169960088 -0.13590417710722236 -0.047946330148538406 -0.08495482076828985
nan nan nan nan nan nan nan nan nan
-0.12337220169960088 nan -0.12337220169960088 nan nan 0.03333333333333333 0.03333333333333333 nan nan
nan -0.12598815766974242 nan nan nan 0.08553989227683015 -0.1092716729416306 -0.20949259494173816 -0.21297856793670644
nan nan nan nan nan -0.12337220169960088 0.12598815766974242 0.0689655172413793 0.09925833339709302
-0.21637116120395772 -0.08798826901281197 0.017588578168228713 0.2467490401009789 0.24810481426218658 0.0 -0.10906086891160047 -0.12379689211803456 -0.14567140814584595
-0.08006407690254358 nan nan nan nan -0.047946330148538406 0.06984302957695782 -0.12865350418053537 -0.10107973914385378
0.12598815766974242 nan -0.04753826885415283 nan nan nan nan -0.047946330148538406 -0.047946330148538406
0.052792688929995876 nan -0.04753826885415283 nan nan -0.047946330148538406 0.06984302957695782 -0.1393604098043924 -0.11343148142323309
nan nan nan nan nan -0.08006407690254358 0.10767638041163309 0.08596023825918792 0.047946330148538406
nan nan nan nan nan 0.08006407690254358 nan 0.11516335992621968 0.14182715723279385
nan nan nan nan nan -0.08006407690254358 nan -0.11516335992621968 -0.14182715723279385
nan nan nan nan nan -0.047946330148538406 nan -0.047946330148538406 -0.047946330148538406
-0.08006407690254358 nan nan nan nan -0.047946330148538406 0.06984302957695782 -0.12865350418053537 -0.10107973914385378
0.12598815766974242 nan -0.04753826885415283 nan nan nan nan -0.047946330148538406 -0.047946330148538406
0.052792688929995876 nan -0.04753826885415283 nan nan -0.047946330148538406 0.06984302957695782 -0.1393604098043924 -0.11343148142323309
nan nan nan nan nan -0.08006407690254358 0.10767638041163309 0.08596023825918792 0.047946330148538406
nan nan nan nan nan 0.08006407690254358 nan 0.11516335992621968 0.14182715723279385
nan nan nan nan nan -0.08006407690254358 nan -0.11516335992621968 -0.14182715723279385
nan nan nan nan nan -0.047946330148538406 nan -0.047946330148538406 -0.047946330148538406
nan nan nan nan nan -0.08006407690254358 -0.09860132971832693 -0.14892905976151402 -0.15201600052612735
nan nan nan nan nan nan nan nan nan
nan nan nan nan nan 0.06839855680567694 -0.20784609690826528 0.04919189679432818 0.04919189679432818
-0.0728219081254419 nan 0.047946330148538406 nan nan 0.07715167498104596 -0.1363988678940947 -0.17812508153921003 -0.17985729488581695
-0.2372867154672663 nan 0.047946330148538406 nan nan 0.06839855680567694 -0.1363988678940947 -0.18164104723984456 -0.18164104723984456
0.0 0.12012499502607453 -0.19861453057473935 -0.15201600052612735 -0.1393604098043924 -0.09200874124564722 0.22229530961845007 0.12365956884546543 0.1247711378848082
0.0 0.12598815766974242 -0.19861453057473935 nan nan -0.11501092655705904 0.1556124886915292 0.04930012992141982 0.04930012992141982
0.04386977720263785 0.12598815766974242 0.1734872269309809 -0.06837856599513578 -0.047946330148538406 0.06887004431501818 0.01715616708849929 -0.02467725753926028 0.02465006496070991
