P1, P2, S10, S25, S33, S35, S37, S39, S40, S41, S46, S47, S5, S53, S55, S6, S64, S7, S70, S8, S9, S163, S164, S165, S178, S180, S166, S167, S169, S170, S130, S171, S172, S173, S174, S179, S183, S204, S205, S206, S157, S158, S159
nan nan nan nan nan 0.07027283689263067 -0.3996723472393621 -0.21957720273192585 -0.23453446152366228
nan nan nan nan nan 0.0679259594696179 -0.17399304041757213 -0.12547891340709139 -0.15173204448111446
nan nan nan nan nan -0.12592569066646553 -0.10673140684864654 -0.13443256587228078 -0.12121425313533338
nan nan nan nan nan nan nan nan nan
nan nan nan nan nan 0.04794633014853844 -0.5337039672612834 -0.26290514501493595 -0.2629051450149359
nan nan nan nan nan 0.04532984139116245 -0.5125453177063494 -0.23831729237686838 -0.23831729237686838
nan nan nan nan nan 0.0017423599652480989 -0.5213759615664095 -0.255950063406655 -0.25670358952268546
0.052324475985259626 -0.1747609504161232 -0.013904739912585862 -0.030138452592034206 -0.05791600494571552 0.050609639600613834 0.010829972051127111 -0.2228643379505344 -0.21503327853197565
0.01164618738281056 -0.17425916246090503 -0.03951151814564807 0.037537409419844125 0.012852504333553809 0.049625223239672694 0.008355762771280636 -0.059509120414644595 -0.16870848159459886
-0.17739712994637105 0.17175270292642852 0.04225980320182226 0.08666699480898885 0.09867974429959328 -0.1569303827317439 -0.1509714018050556 -0.22818939133721042 -0.20535920724596343
-0.32393255274361904 0.169274732334541 0.07633630180098694 -0.11805937770892823 -0.12619834594722595 0.15241681536436014 0.19398507244974644 -0.25370762888166065 -0.2341547392543809
-0.31313973470803325 0.1767766952966369 0.15189124862924253 -0.23065552333155268 -0.22523856939430228 0.16377853334299378 0.020110002395656062 0.009999820004858714 0.07721363038930727
0.10893258356124653 nan -0.058753686565231174 nan nan 0.1713572171813893 -0.19234104254590234 -0.05860492906935451 -0.04794633014853842
-0.17399304041757213 nan -0.17555116280134456 nan nan 0.033333333333333305 0.033333333333333305 0.08056594945107616 0.04794633014853841
nan nan nan nan nan 0.06617825960083579 -0.4044563087162536 -0.23095832995920018 -0.23453446152366228
nan nan nan nan nan 0.07010740719559758 0.09191919191919208 -0.12547891340709136 -0.15173204448111446
nan nan nan nan nan nan nan nan nan
-0.17399304041757213 nan -0.17555116280134456 nan nan 0.033333333333333305 0.033333333333333305 nan nan
nan -0.17677669529663692 nan nan nan 0.06855376345876489 -0.41208098495887 -0.22213442110081458 -0.22738915460526488
nan nan nan nan nan -0.17399304041757213 0.17677669529663687 0.1358645351114055 0.16184751411318885
0.24121190514396934 -0.13174603174603172 -0.1851111050327158 -0.1281094739150637 -0.10658973373384818 -0.07499401216926198 -0.15933126975648815 -0.14512169075745365 -0.1703915440516188
nan nan nan nan nan -0.04794633014853842 -0.10548742313266136 -0.04794633014853844 nan
0.17677669529663687 nan -0.03333333333333334 nan nan nan nan -0.04794633014853842 -0.04794633014853842
0.17399304041757213 nan -0.03333333333333334 nan nan -0.04794633014853842 -0.10370899457402696 -0.06520198622764674 -0.04794633014853842
nan nan nan nan nan -0.12598815766974242 0.05976143046671971 nan nan
nan nan nan nan nan 0.12598815766974242 nan 0.18122009407318745 0.20870354281618947
nan nan nan nan nan -0.12598815766974242 nan -0.18122009407318745 -0.20870354281618947
nan nan nan nan nan -0.04794633014853842 nan -0.04794633014853842 -0.04794633014853842
nan nan nan nan nan -0.04794633014853842 -0.10548742313266136 -0.04794633014853844 nan
0.17677669529663687 nan -0.03333333333333334 nan nan nan nan -0.04794633014853842 -0.04794633014853842
0.17399304041757213 nan -0.03333333333333334 nan nan -0.04794633014853842 -0.10370899457402696 -0.06520198622764674 -0.04794633014853842
nan nan nan nan nan -0.12598815766974242 0.05976143046671971 nan nan
nan nan nan nan nan 0.12598815766974242 nan 0.18122009407318745 0.20870354281618947
nan nan nan nan nan -0.12598815766974242 nan -0.18122009407318745 -0.20870354281618947
nan nan nan nan nan -0.04794633014853842 nan -0.04794633014853842 -0.04794633014853842
nan nan nan nan nan -0.12598815766974242 -0.04794633014853842 -0.18122009407318745 -0.20870354281618947
nan nan nan nan nan nan nan nan nan
nan nan nan nan nan 0.033452450201600856 0.016609953180188028 -0.038748226523312064 -0.0387482265233522
0.019544787172686214 nan 0.03333333333314153 nan nan 0.03347799005091185 0.03227854552123256 -0.020376427569783463 -0.03536293028130512
0.014302027718750006 nan 0.03333333333314153 nan nan 0.03345245020160104 0.03227854552123256 -0.020376427569783463 -0.03536293028130512
-0.06009941999159756 0.1688819906341803 -0.19548634486223448 -0.08238898354981644 -0.06520198622764554 -0.10042144140763061 0.1712885730160432 -0.09265951584439483 -0.07770666871822758
-0.05276770889618859 0.17083185696518757 -0.1931461244175412 nan 0.047946330148538434 -0.12178363337929787 0.02708869250613034 -0.10698142639121631 -0.07818456735127004
0.11240606665382565 0.1767766952966367 0.11421055103241062 nan nan 0.06087139218588375 0.003155849624493642 -0.1094382387365074 -0.08760376524027015
nan nan nan nan nan 0.07027283689263066 -0.36372789252129095 -0.22081628248616605 -0.23543118237552602
nan nan nan nan nan 0.07014723744122017 -0.17433346455211945 -0.1282404902601946 -0.15412588774125732
nan nan nan nan nan -0.12394864631924417 -0.10676314148019428 -0.14085683461546777 -0.1279673472658198
nan nan nan nan nan nan nan nan nan
nan nan nan nan nan 0.04794633014853841 -0.49103066208854124 -0.26341067879509816 -0.26341067879509816
nan nan nan nan nan 0.04791968589521738 -0.446699261119892 -0.23831729237686844 -0.23831729237686844
nan nan nan nan nan 0.10085921588663041 -0.31882259344265784 -0.2541997524532522 -0.2579108940492316
0.05160649417030601 -0.16595441269549266 0.0 -0.059773698073476815 -0.08962311055446624 0.16684616770594676 -0.23115589638390893 -0.2978745371164286 -0.2978745371164286
0.010371675689275658 -0.16566032348213006 -0.030824390217560345 0.0 -0.02994947871363165 0.16609219139311018 -0.23825109866676894 -0.10298177543153987 -0.1618448894573452
-0.20574833520818464 0.16736800229664894 -0.01033836589629131 0.08097986271908074 0.0809716526655574 -0.1649222388763698 -0.16361298851701433 -0.23514898241509213 -0.2204744467855405
-0.2979082395169917 0.16828286609368898 0.10223742826949314 -0.11621589563871082 -0.12357562850574999 0.1649029485974716 0.24699921069934788 -0.3324972196012832 -0.3177844922525523
-0.29937940026416354 0.1767766952966369 0.12266010152270858 -0.25525672063993826 -0.25390016513354097 0.16482585511565293 -0.02055379370191837 -0.029649342059706867 0.02967681070305131
0.12425790254125989 nan -0.05969269964413234 nan nan 0.17231798104097645 -0.21177709280523482 -0.06892719241639057 -0.04794633014853841
-0.17433346455211945 nan -0.17433346455211945 nan nan 0.03333333333333333 0.03333333333333333 0.08586137653785332 0.04794633014853841
nan nan nan nan nan 0.07010552037690532 -0.3863408589047491 -0.23306929592273898 -0.23543118237552602
nan nan nan nan nan 0.17433346455211945 0.0 -0.1282404902601946 -0.15412588774125732
nan nan nan nan nan nan nan nan nan
-0.17433346455211945 nan -0.17433346455211945 nan nan 0.03333333333333333 0.03333333333333333 nan nan
nan -0.1767766952966369 nan nan nan 0.0887958158105911 -0.30194309087937776 -0.23107096832020216 -0.23543118237552602
nan nan nan nan nan -0.17433346455211945 0.1767766952966369 0.1408835196274748 0.16626984070677508
0.24576791341024476 -0.13432173332088906 -0.20896183104644758 -0.06140522348913728 -0.05372957055299512 -0.05520056434496405 -0.15740949968571072 -0.18892108826177384 -0.21299753255232437
nan nan nan nan nan -0.04794633014853841 -0.10715167512214395 -0.04794633014853841 nan
0.1767766952966369 nan -0.03333333333333333 nan nan nan nan -0.04794633014853841 -0.04794633014853841
0.17433346455211945 nan -0.03333333333333333 nan nan -0.04794633014853841 -0.10715167512214395 -0.06892719241639057 -0.04794633014853841
nan nan nan nan nan -0.12598815766974242 0.05976143046671968 nan nan
nan nan nan nan nan 0.12598815766974242 nan 0.18122009407318743 0.2087035428161895
nan nan nan nan nan -0.12598815766974242 nan -0.18122009407318743 -0.2087035428161895
nan nan nan nan nan -0.04794633014853841 nan -0.04794633014853841 -0.04794633014853841
nan nan nan nan nan -0.04794633014853841 -0.10715167512214395 -0.04794633014853841 nan
0.1767766952966369 nan -0.03333333333333333 nan nan nan nan -0.04794633014853841 -0.04794633014853841
0.17433346455211945 nan -0.03333333333333333 nan nan -0.04794633014853841 -0.10715167512214395 -0.06892719241639057 -0.04794633014853841
nan nan nan nan nan -0.12598815766974242 0.05976143046671968 nan nan
nan nan nan nan nan 0.12598815766974242 nan 0.18122009407318743 0.2087035428161895
nan nan nan nan nan -0.12598815766974242 nan -0.18122009407318743 -0.2087035428161895
nan nan nan nan nan -0.04794633014853841 nan -0.04794633014853841 -0.04794633014853841
nan nan nan nan nan -0.12598815766974242 -0.04794633014853841 -0.18122009407318743 -0.2087035428161895
nan nan nan nan nan nan nan nan nan
nan nan nan nan nan 0.07006387765248435 0.07381161600516208 0.028609499451007474 0.028609499451007474
0.0 nan 0.03333333333333333 nan nan 0.07966967018418206 0.09453537399797463 0.03971871132082066 0.0
-0.0216700310253901 nan 0.03333333333333333 nan nan 0.07006387765248435 0.09453537399797463 0.03971871132082066 0.0
0.0 0.17069076819167656 -0.24034445648996725 -0.08586137653785332 -0.06892719241639057 -0.14289917640778438 0.18404598865749452 0.0 0.029646294694257662
0.0 0.16828286609368898 -0.24034445648996725 nan 0.04794633014853841 -0.16488366508590505 0.08178167056069441 -0.029417408865096726 0.02943528635618174
0.0 0.1767766952966369 0.1125067019368084 nan nan 0.12088642012256094 0.02047650389446504 -0.029429323571484443 0.029504119919362227
nan nan nan nan nan 0.07027283689263064 -0.35480211916170784 -0.21766660205361194 -0.23206367943302417
nan nan nan nan nan 0.06931669932133817 -0.17183584915586766 -0.12656143785860083 -0.15201600052612735
nan nan nan nan nan -0.11960832598614296 -0.10406297715753675 -0.13740025015280558 -0.12495932975327519
nan nan nan nan nan nan nan nan nan
nan nan nan nan nan 0.047946330148538406 -0.48521689524936723 -0.2566661430860928 -0.2566661430860928
nan nan nan nan nan 0.04753826885415283 -0.43835700375960457 -0.2383172923768684 -0.2383172923768684
nan nan nan nan nan 0.09502684007399256 -0.2917616566273895 -0.23674493952985343 -0.2450542936772102
0.04502860224652493 -0.1538158184117968 0.0 -0.052787172164326386 -0.07908097149197776 0.15630088747895868 -0.2096664883347087 -0.2578231713840598 -0.2578231713840598
0.009163135721752006 -0.1523804916696559 -0.026537244621713762 0.0 -0.026630001682849718 0.1535737792084878 -0.20814692725366696 -0.08675427172948377 -0.1364802084210029
-0.17650112740455196 0.15732919388188815 -0.009027712473380922 0.06854680285339938 0.06846974065607005 -0.14852213144650114 -0.13785933676571133 -0.19698369661880957 -0.18487548720532435
-0.2553307628344309 0.15971914124998496 0.08587567332159078 -0.10761055189934836 -0.11360381942461466 0.14830419716704146 0.211554354139178 -0.2826557329944299 -0.27009325597245526
-0.2589698645587963 0.17677669529663687 0.10305080798590892 -0.24259137394524904 -0.23903238337835636 0.14765610580465457 -0.017527682734987293 -0.025628391481282983 0.02578231713840598
0.11959348005979775 nan -0.05906244232186183 nan nan 0.16791512356486687 -0.19298691110661623 -0.06837856599513578 -0.047946330148538406
-0.17183584915586766 nan -0.17183584915586766 nan nan 0.03333333333333333 0.03333333333333333 0.08495482076828985 0.047946330148538406
nan nan nan nan nan 0.06900655593423541 -0.38128249905551853 -0.2271398783756669 -0.23206367943302417
nan nan nan nan nan 0.17183584915586766 0.0 -0.12656143785860083 -0.15201600052612735
nan nan nan nan nan nan nan nan nan
-0.17183584915586766 nan -0.17183584915586766 nan nan 0.03333333333333333 0.03333333333333333 nan nan
nan -0.17677669529663687 nan nan nan 0.08553989227683015 -0.27403610244019494 -0.22211032784341497 -0.23206367943302417
nan nan nan nan nan -0.17183584915586766 0.17677669529663687 0.1377856653563173 0.16232693100931947
0.20795009796401454 -0.13242443839434612 -0.1816681048781899 -0.055518084925586735 -0.04857832430988839 -0.05071505162084872 -0.14588082831369475 -0.17580321054464085 -0.19548319632444958
nan nan nan nan nan -0.047946330148538406 -0.10568483556174833 -0.047946330148538406 nan
0.17677669529663687 nan -0.03333333333333333 nan nan nan nan -0.047946330148538406 -0.047946330148538406
0.17183584915586766 nan -0.03333333333333333 nan nan -0.047946330148538406 -0.10568483556174833 -0.06837856599513578 -0.047946330148538406
nan nan nan nan nan -0.12598815766974242 0.05976143046671968 nan nan
nan nan nan nan nan 0.12598815766974242 nan 0.18122009407318743 0.20870354281618947
nan nan nan nan nan -0.12598815766974242 nan -0.18122009407318743 -0.20870354281618947
nan nan nan nan nan -0.047946330148538406 nan -0.047946330148538406 -0.047946330148538406
nan nan nan nan nan -0.047946330148538406 -0.10568483556174833 -0.047946330148538406 nan
0.17677669529663687 nan -0.03333333333333333 nan nan nan nan -0.047946330148538406 -0.047946330148538406
0.17183584915586766 nan -0.03333333333333333 nan nan -0.047946330148538406 -0.10568483556174833 -0.06837856599513578 -0.047946330148538406
nan nan nan nan nan -0.12598815766974242 0.05976143046671968 nan nan
nan nan nan nan nan 0.12598815766974242 nan 0.18122009407318743 0.20870354281618947
nan nan nan nan nan -0.12598815766974242 nan -0.18122009407318743 -0.20870354281618947
nan nan nan nan nan -0.047946330148538406 nan -0.047946330148538406 -0.047946330148538406
nan nan nan nan nan -0.12598815766974242 -0.047946330148538406 -0.18122009407318743 -0.20870354281618947
nan nan nan nan nan nan nan nan nan
nan nan nan nan nan 0.06839855680567694 0.06928203230275509 0.02815505451474917 0.02815505451474917
0.0 nan 0.03333333333333333 nan nan 0.07715167498104596 0.09093257859606313 0.0369913968015396 0.0
-0.019920476822239894 nan 0.03333333333333333 nan nan 0.06839855680567694 0.09093257859606313 0.0369913968015396 0.0
0.0 0.16484511834894675 -0.2255965336706353 -0.08495482076828985 -0.06837856599513578 -0.12834225684780334 0.15457621197886337 0.0 0.025328633900560935
0.0 0.15971914124998496 -0.2255965336706353 nan 0.047946330148538406 -0.1480872194397731 0.06870053865727262 -0.02470454030883014 0.024786934779852506
0.0 0.17677669529663687 0.09488401440957371 nan nan 0.10843887361094137 0.017290276521281022 -0.024786934779852506 0.025039154291806715
