P1, P2, S10, S25, S33, S35, S37, S39, S40, S41, S46, S47, S5, S53, S55, S6, S64, S7, S70, S8, S9, S163, S164, S165, S178, S180, S166, S167, S169, S170, S130, S171, S172, S173, S174, S179, S183, S204, S205, S206, S157, S158, S159
nan nan nan nan nan nan 0.0854016820293798 -0.008475793795260141 0.02553399561180734
nan nan nan nan nan nan -0.1767766952966369 -0.2231780211373288 -0.19475891374404056
nan nan nan nan nan nan -0.27781603365227864 -0.008475793795260218 0.025533995611807324
nan nan nan nan nan nan nan nan nan
nan nan nan nan nan nan 0.06792595946961791 0.21957720273192582 0.25026983278226705
nan nan nan nan nan nan 0.07593263966019993 0.22317802113732865 0.2542738138578039
nan nan nan nan nan nan 0.2504629028612502 0.27753563483830296 0.3041092561117939
0.04655644114123005 nan -0.029896421260847836 0.022393155905995617 -2.5269255050395084e-15 nan 0.054662874783112735 -0.20442374389868365 -0.1738471507639579
0.016766767666785757 nan 0.05327496017142925 -0.0029773247001837685 -0.03174632921494765 nan 0.05250380752411536 -0.24481229616559244 -0.21930780411708553
0.1812200940731875 nan 0.10030964785016133 0.18497380289827897 0.1849738028982782 nan -0.16640369392523785 0.5032043612146471 0.4946299889671019
0.11304896311434605 nan 0.05816616280915238 -0.0931488685158435 -0.07929484914942078 nan -0.030268888455979182 0.42919316564795745 0.4016961280542537
0.24089663555289645 nan 0.05466469605441654 -0.10460902215939102 -0.08526157915712229 nan -0.035448108547191895 0.44121627079510745 0.44227239774069954
-0.009266146816093468 nan -0.07027283689263075 nan nan nan -0.20542207647371202 0.2730869016410443 0.28405924588439957
nan nan -0.04794633014853844 nan nan nan 0.03333333333333336 -0.314009634129573 -0.3140096341295731
nan nan nan nan nan nan 0.08723567442899588 -0.017259988467742564 0.017259988467742533
nan nan nan nan nan nan -0.050460839234958164 nan nan
nan nan nan nan nan nan nan nan nan
nan nan nan nan nan nan 0.03333333333333336 nan nan
nan nan nan 0.10107973914385425 0.0859602382591882 nan 0.1608061534638825 -0.03706999829628429 -0.002004339491210313
nan nan nan nan nan nan 0.03333333333333336 0.04794633014853836 0.04794633014853837
-0.02108783805124867 nan -0.1759264140657673 0.05935776844817886 0.05935776844817893 nan -0.07027283689263067 nan nan
-0.1767766952966369 nan nan nan nan nan -0.20807662086311562 -0.008475793795260141 0.02553399561180734
nan nan -0.046953014151584274 nan nan nan nan nan nan
-0.17677669529663687 nan -0.046953014151584274 nan nan nan -0.20542207647371202 -0.008475793795260141 0.02553399561180734
nan nan nan nan nan nan -0.22973414586817037 0.2231780211373288 0.19475891374404056
nan nan nan nan nan nan 0.07027283689263067 nan nan
nan nan nan nan nan nan -0.07027283689263067 nan nan
nan nan nan nan nan nan nan nan nan
-0.1767766952966369 nan nan nan nan nan -0.20807662086311562 -0.008475793795260141 0.02553399561180734
nan nan -0.046953014151584274 nan nan nan nan nan nan
-0.17677669529663687 nan -0.046953014151584274 nan nan nan -0.20542207647371202 -0.008475793795260141 0.02553399561180734
nan nan nan nan nan nan -0.22973414586817037 0.2231780211373288 0.19475891374404056
nan nan nan nan nan nan 0.07027283689263067 nan nan
nan nan nan nan nan nan -0.07027283689263067 nan nan
nan nan nan nan nan nan nan nan nan
nan nan nan nan nan nan 0.23065552333154682 -0.2231780211373288 -0.19475891374404053
nan nan nan nan nan nan nan nan nan
nan nan nan nan nan nan -0.0016032972041537035 -0.040847350267286024 -0.04084735026728231
-0.5023045860337086 nan 0.04642070825489546 nan nan nan 0.01905040156686694 -0.09097283721601299 -0.09402680786086481
0.017136491914773497 nan 0.04642070825489546 nan nan nan 0.02009653077067485 -0.13091183252062263 -0.12779174561938947
0.05336974539660917 nan 0.202390091931768 0.23453446152366222 0.2502698327822671 nan -0.1306294315563152 0.19310599570164613 0.17099064905776193
0.05904190852804567 nan 0.2130523765822643 nan nan nan -0.14911464883294034 0.4098612461123981 0.40543600218348924
0.1925094861202261 nan 0.09461094412310436 -0.20525081434828613 -0.191423938474324 nan 0.1251706448636972 -0.043851363381936834 -0.004724637282128031
nan nan nan nan nan nan 0.08915558282417288 -0.008475793795260131 0.02553399561180733
nan nan nan nan nan nan -0.1767766952966369 -0.22317802113732874 -0.19475891374404053
nan nan nan nan nan nan -0.24931757052716652 -0.008475793795260131 0.02553399561180733
nan nan nan nan nan nan nan nan nan
nan nan nan nan nan nan 0.07014723744122017 0.22081628248616605 0.25075949542063314
nan nan nan nan nan nan 0.07976772519998071 0.22317802113732874 0.2542738138578039
nan nan nan nan nan nan 0.32245979905032784 0.37796749695483123 0.3790684823831934
0.031225745462714633 nan -0.020604398112614886 0.04479753194555591 0.014941863928889897 nan 0.25510317435272556 -0.030852614293823986 0.03048828024641285
0.031487635912399205 nan 0.04114124077615662 0.0449100887359038 0.014960623338573857 nan 0.13390108417123195 -0.23667036258730498 -0.2030339939293668
0.23932723705247894 nan 0.07171870797272108 0.17691670076136862 0.17691670076136862 nan -0.29712036160127303 0.4118604756302382 0.40559623949579693
0.03073346723901134 nan 0.051108375634461904 -0.03060828706161261 -0.015304143530806304 nan 0.01025282301562644 0.3974290848947222 0.3913183442505276
0.29751351813753024 nan 0.08177340101513905 0.0 0.031255292698575694 nan 0.010277947389868237 0.3826455105393099 0.3773889155477571
-0.011315752819642984 nan -0.07027283689263066 nan nan nan -0.20675517342128535 0.09769511234125 0.11559441580594298
nan nan -0.04794633014853841 nan nan nan 0.03333333333333333 -0.26389530844689524 -0.26389530844689524
nan nan nan nan nan nan 0.08915558282417288 -0.01671729969470888 0.01671729969470888
nan nan nan nan nan nan -0.09915891705539534 nan nan
nan nan nan nan nan nan nan nan nan
nan nan nan nan nan nan 0.03333333333333333 nan nan
nan nan nan 0.10107973914385378 0.08596023825918793 nan 0.2160136296243683 -0.12055919818520729 -0.07305423352909234
nan nan nan nan nan nan 0.03333333333333333 0.04794633014853841 0.04794633014853841
-0.010717549454560637 nan -0.20891769505882962 0.030750102278358064 0.030750102278358064 nan -0.07027283689263066 nan nan
-0.1767766952966369 nan nan nan nan nan -0.20678157724917173 -0.008475793795260131 0.02553399561180733
nan nan -0.04791968589521738 nan nan nan nan nan nan
-0.1767766952966369 nan -0.04791968589521738 nan nan nan -0.20675517342128535 -0.008475793795260131 0.02553399561180733
nan nan nan nan nan nan -0.22973414586817034 0.22317802113732874 0.19475891374404053
nan nan nan nan nan nan 0.07027283689263066 nan nan
nan nan nan nan nan nan -0.07027283689263066 nan nan
nan nan nan nan nan nan nan nan nan
-0.1767766952966369 nan nan nan nan nan -0.20678157724917173 -0.008475793795260131 0.02553399561180733
nan nan -0.04791968589521738 nan nan nan nan nan nan
-0.1767766952966369 nan -0.04791968589521738 nan nan nan -0.20675517342128535 -0.008475793795260131 0.02553399561180733
nan nan nan nan nan nan -0.22973414586817034 0.22317802113732874 0.19475891374404053
nan nan nan nan nan nan 0.07027283689263066 nan nan
nan nan nan nan nan nan -0.07027283689263066 nan nan
nan nan nan nan nan nan nan nan nan
nan nan nan nan nan nan 0.22589556565891714 -0.22317802113732874 -0.19475891374404053
nan nan nan nan nan nan nan nan nan
nan nan nan nan nan nan 0.08358130875334069 0.028609499451007474 0.028609499451007474
-0.46219766310218646 nan 0.04791968589521738 nan nan nan 0.1325595560488126 -0.22784227314513023 -0.22567203229307764
0.053244095439130425 nan 0.04791968589521738 nan nan nan 0.1325595560488126 -0.22784227314513023 -0.22567203229307764
0.010490288288927362 nan 0.2143033502442879 0.23543118237552602 0.25075949542063314 nan -0.09198577572486748 0.1677767491625888 0.13517021452687708
0.010446987977822092 nan 0.2143033502442879 nan nan nan -0.11278105317189084 0.388937009422365 0.3829822744928184
0.2566864118553028 nan 0.051243267531488 -0.20678157724917173 -0.1932070251578184 nan 0.10221675126892381 -0.007626215871026764 0.05257174154342014
nan nan nan nan nan nan 0.08798826901281197 -0.00847579379526013 0.025533995611807327
nan nan nan nan nan nan -0.17677669529663687 -0.2231780211373287 -0.19475891374404053
nan nan nan nan nan nan -0.23505561374387857 -0.00847579379526013 0.025533995611807327
nan nan nan nan nan nan nan nan nan
nan nan nan nan nan nan 0.06931669932133817 0.21766660205361194 0.24716695064945032
nan nan nan nan nan nan 0.07827803638564369 0.2231780211373287 0.2542738138578039
nan nan nan nan nan nan 0.29361010975735174 0.35178289968089066 0.3528839443127345
0.02762894819977688 nan -0.017859990659227328 0.039640461849307 0.013230245041622199 nan 0.23190841426097933 -0.028114688824436445 0.027643459549415272
0.028284271247461898 nan 0.03555028923610794 0.03984271041647369 0.013230245041622199 nan 0.11526562159643515 -0.20936389877221948 -0.17748568029527945
0.2202608714346434 nan 0.06099653325473859 0.15040593881218278 0.15040593881218278 nan -0.2518408844308046 0.36136775551311406 0.3514653846844165
0.026052505285945302 nan 0.04289041772124823 -0.027453988779515895 -0.013726994389757947 nan 0.008703882797784892 0.35212383601712616 0.34182427316127895
0.252699923483917 nan 0.06862466835399716 0.0 0.028318273589429947 nan 0.008753762190648169 0.3427070001402484 0.335472264735776
-0.010891462805350442 nan -0.07027283689263064 nan nan nan -0.20112045694619726 0.09433332612731563 0.11166816856299064
nan nan -0.047946330148538406 nan nan nan 0.03333333333333333 -0.25896697573885086 -0.25896697573885086
nan nan nan nan nan nan 0.08798826901281197 -0.016477796709963355 0.016477796709963355
nan nan nan nan nan nan -0.09568666078891436 nan nan
nan nan nan nan nan nan nan nan nan
nan nan nan nan nan nan 0.03333333333333333 nan nan
nan nan nan 0.10107973914385378 0.08596023825918792 nan 0.18511005987178078 -0.11506505571715996 -0.06975696296437867
nan nan nan nan nan nan 0.03333333333333333 0.047946330148538406 0.047946330148538406
-0.009517337345336012 nan -0.18144368465060579 0.027915432671884618 0.027915432671884618 nan -0.07027283689263064 nan nan
-0.17677669529663687 nan nan nan nan nan -0.20149814827784024 -0.00847579379526013 0.025533995611807327
nan nan -0.04753826885415283 nan nan nan nan nan nan
-0.17677669529663687 nan -0.04753826885415283 nan nan nan -0.20112045694619726 -0.00847579379526013 0.025533995611807327
nan nan nan nan nan nan -0.22973414586817037 0.2231780211373287 0.19475891374404053
nan nan nan nan nan nan 0.07027283689263064 nan nan
nan nan nan nan nan nan -0.07027283689263064 nan nan
nan nan nan nan nan nan nan nan nan
-0.17677669529663687 nan nan nan nan nan -0.20149814827784024 -0.00847579379526013 0.025533995611807327
nan nan -0.04753826885415283 nan nan nan nan nan nan
-0.17677669529663687 nan -0.04753826885415283 nan nan nan -0.20112045694619726 -0.00847579379526013 0.025533995611807327
nan nan nan nan nan nan -0.22973414586817037 0.2231780211373287 0.19475891374404053
nan nan nan nan nan nan 0.07027283689263064 nan nan
nan nan nan nan nan nan -0.07027283689263064 nan nan
nan nan nan nan nan nan nan nan nan
nan nan nan nan nan nan 0.21667569500871975 -0.2231780211373287 -0.19475891374404053
nan nan nan nan nan nan nan nan nan
nan nan nan nan nan nan 0.07777777777777778 0.02815505451474917 0.02815505451474917
-0.4490864694848204 nan 0.04753826885415283 nan nan nan 0.12363908849478654 -0.21893716009046157 -0.21442250696755893
0.051383499553870796 nan 0.04753826885415283 nan nan nan 0.12363908849478654 -0.21893716009046157 -0.21442250696755893
0.009378205989492575 nan 0.19861453057473935 0.23206367943302417 0.24716695064945032 nan -0.07711767996948982 0.14703307218649203 0.116868334338396
0.009256878680929835 nan 0.19861453057473935 nan nan nan -0.0955258527151328 0.34084939461414065 0.331126947292122
0.21859294274458405 nan 0.04351941398892446 -0.2038441697340272 -0.19047797528970314 nan 0.08578083544249646 -0.006683321463022365 0.04550445965558008
