P1, P2, S10, S25, S33, S35, S37, S39, S40, S41, S46, S47, S5, S53, S55, S6, S64, S7, S70, S8, S9, S130, S171, S172, S173, S174, S179, S183, S204, S205, S206, S157, S158, S159, S163, S164, S165, S178, S180, S166
0.03571998131845469 nan nan nan nan nan nan nan nan nan nan nan nan nan nan nan nan nan nan nan nan nan nan nan nan nan nan nan nan nan nan nan nan nan nan nan nan nan nan nan nan nan nan nan
nan nan nan nan nan nan nan nan nan nan nan nan nan nan nan nan nan nan nan nan nan nan nan nan nan nan nan nan nan nan nan nan nan nan nan nan nan nan nan nan nan nan nan nan
0.10010549193822149 0.020028189742177103 0.5340123572284563 -0.003361853635845737 -0.07888327360710533 0.8036416230407879 0.1473005555398319 0.149899027250571 -0.059221701183786724 -0.012663240340315194 -0.11291889714934475 0.28125298227427514 -0.07090237358971954 -0.004807303142596611 0.6467823155172081 0.07555421911583483 nan 0.11915109374689987 0.15845278622024028 -0.42977489584983986 -0.44203114584796477 nan 0.2787390864605391 0.27537640590287893 -0.4207624558739731 -0.6455139198308628 -0.47379520937667413 0.13804752390978592 0.13793549276558895 0.05009220745916474 0.2650659580428789 0.12298881940862064 0.37553244883501463 nan 0.11382791554277866 -0.0029398659824770384 -0.0032195900476884873 nan 0.04661563647203564 -0.2064795554607022 0.07310599045203374 0.06725243361047883 -0.5684165219983136 nan
nan nan nan nan nan nan nan nan nan nan nan nan nan nan nan nan nan nan nan nan nan nan nan nan nan nan nan nan nan nan nan nan nan nan nan nan nan nan nan nan nan nan nan nan
0.03571998131845469 0.08742063097757276 nan nan nan nan nan nan nan nan nan nan nan nan nan nan nan nan nan nan nan nan nan nan nan nan nan nan nan nan nan nan nan nan nan nan nan nan nan nan nan nan nan nan
0.03571998131845469 0.08742063097757276 nan nan nan nan nan nan nan nan nan nan nan nan nan nan nan nan nan nan nan nan nan nan nan nan nan nan nan nan nan nan nan nan nan nan nan nan nan nan nan nan nan nan
-0.02801699895491138 0.08708906756848782 -0.1031957148057317 nan nan -0.26916348116309546 nan -0.12035216775819192 -0.2373008810017014 -0.03518703287474837 -0.09238209721688623 -0.06827150747593959 -0.04150488156223082 -0.03166165003073637 nan -0.1764372346112463 -0.21074160929305 -0.4135955773642643 -0.07951212028416056 -0.13004798333942041 -0.13266400091555813 nan nan nan nan nan nan -0.30033669470511193 0.09614375462818042 -0.014013310978265798 0.3669735699150222 0.23118251711571686 -0.036719403681722225 -0.03341364654158424 0.24607446213628176 nan nan nan 0.08567704810772242 -0.3432026511285012 -0.05619352576986847 -0.05328322440131964 nan -0.4903820257055357
0.21080768107546627 -0.0807558625229831 0.5089841578760176 -0.038733936614231704 -0.10095176798411061 0.8130685272016712 0.09072636591559222 0.11750631323816244 -0.03942835427177219 0.10237563827862702 -0.1593261163181776 0.272961952184207 -0.17835642378743366 0.022847435345382375 0.6727928122516447 0.003535943566017483 0.1237330528756954 0.08798178554676298 0.3879078960396002 -0.7759437312543656 -0.7845804891239274 -0.3712455304932668 0.2660971888164806 0.26140549430306675 -0.391975723071717 -0.6569579156470174 -0.575226332428579 0.05683579475241031 0.01708894722212117 0.028165539670107903 0.33555556042632373 0.08445152335411753 0.4554196611461116 0.21735501910060873 0.03015380951246666 -0.0931951359804061 -0.09479461762450565 nan 0.1065498491886111 -0.2177964630141609 0.21725845805757962 0.203813225584593 -0.6187100766389536 -0.4837580513371057
0.09169037971871107 -0.163244257482894 0.4768215844329607 -0.011399307754669281 -0.047992596981816245 0.7251617700239951 0.17493359523557322 -0.13830061386127934 -0.3245182995932482 -0.08019576715820957 -0.14781596589653326 0.15960037632816873 -0.2698769419945284 -0.06766001748472171 0.6722497336475634 -0.1733938354910999 -0.217238023770811 9.729250912480634e-05 0.36298640648623987 -0.3869890049470735 -0.31432342016553816 -0.3722551373702529 0.2513021329013006 0.24723304661853954 -0.39024969071449106 -0.6508228328459651 -0.5832407997913841 0.002664421239605102 -0.3500958219701532 -0.25313756344492205 0.08914420359223489 -0.19191043317856893 0.26090000791067913 0.1755373592148866 -0.2982178989383538 -0.3664601546342224 -0.3674211223018767 nan -0.04467754495076769 -0.297345913942822 0.16453572975202732 0.14752858861982626 -0.6239516305770233 -0.4989945913913232
-0.065785587245531 -0.09372685599715823 -0.5950073166360987 -0.11040663642402383 -0.31261655561461416 -0.7625595318669027 -0.04295419238669963 -0.2635228127045598 -0.3962614844801169 -0.633556265686572 0.020593888199610014 -0.34230809951426155 -0.03396242008198518 -0.25626657087090315 -0.5822340511749907 -0.26274953430839465 -0.13159633322226855 -0.10688241912687264 -0.7665721084811127 -0.5617464924432699 -0.5687620868173389 -0.36199225836330295 -0.39856138544643605 -0.39011312006351967 0.28341828988724604 -0.2740263576205266 -0.8066592090625165 -0.2567006593527867 -0.13358004693430706 -0.2518951585836988 0.404418854186503 0.11257378027531652 -0.8182544909573062 0.09129713155881454 -0.25931009642408276 -0.3606132746902305 -0.3609898543967288 nan -0.33819727053320664 -0.24568091230265113 -0.6976444101655992 -0.6756502239575772 0.0915696103963891 -0.3348253113876636
0.10951817027960843 0.07658475721755377 -0.3454519747966801 0.23865549639190267 -0.4187426840759832 0.6169425746358094 -0.11524443073692714 0.10633751988368513 0.35077337575978323 -0.3320707534752706 0.20833583640205244 0.19711676188017507 0.4271043988935806 -0.06803346249533995 -0.37898680197349977 -0.1992223128453788 -0.22946717890313928 0.20571882663675353 0.45026231007016115 -0.8358347093286224 -0.8500131778642633 -0.2701844762033833 0.07853170278425628 0.08507102501462577 -0.1367250847544729 0.009872244721014715 -0.8950384510335155 0.2551708598215847 0.1784004854822345 0.1075245035464438 0.12534968499109683 -0.01641777630384922 -0.8528293476681164 -0.517742561982986 0.0776959352145362 0.057599040129052925 0.06211484604124375 nan -0.05941669280554082 -0.04202453789739701 -0.7744146686128273 -0.7499685078321571 0.314175124023659 0.47538977901934204
0.18814035950475022 0.0654148377343305 -0.2045093486431936 0.25673980153869674 -0.14858536794899924 0.8121989764471027 0.10118150152336536 0.33823400456871966 0.5640482496745183 -0.13518907803739214 0.16530146921670796 0.2387810597339047 0.23539866128669634 0.3333917366313219 0.3017497765429532 0.06860858886703762 0.02735363598427541 0.27732703926879065 0.626860242668015 -0.3405664544746745 -0.33270137920186715 0.3113358615472536 0.3194101995504566 0.33601687359762666 -0.15789318081032747 0.31144971965997575 -0.5315372255377175 0.2949264125060795 0.15825173561045902 0.038553875565379994 -0.19084126878255875 -0.03437453545947219 0.49375905828916583 -0.18877915316185612 0.10840100592895588 -0.0002920560498564324 0.0038209725954242543 nan 0.3023648367437897 0.048837070531561125 0.5659157888372172 0.5378131350622137 -0.024754337654901083 0.4722890308666409
0.13883151125925414 0.08690302097520937 0.4179143902325412 0.130466520476659 0.23663864652007535 0.49496069434352297 0.2172977647120614 0.11140480501231688 0.025839148700860175 0.3247057445769178 -0.12829106304755175 -0.024081883095209616 -0.002906476466104156 0.07578455975692036 0.578749876628024 0.24662846609013392 0.09616265330119132 0.07186004909453965 0.1662863249622907 0.5675331935106483 0.5792614452573728 0.3949521327015019 0.14795032898640614 0.1617566765142742 0.06090532321886357 0.18825353145354234 0.9076486037310391 0.3407887571194344 0.2537057324610554 0.1381440177260957 -0.24303214399946127 -0.2049354770521054 0.8548580615159359 0.360188655451292 0.31322734398789787 0.2443724253262807 0.2443724253262807 nan 0.23020417605250018 0.2911011858227004 0.7836426733703565 0.7655741169027397 -0.5356375200539206 -0.3524012001597013
-0.03571998131845465 nan nan nan nan nan nan nan nan nan nan nan nan nan nan nan nan nan nan nan nan nan nan nan nan nan nan nan nan nan nan nan nan nan nan nan nan nan nan nan nan nan nan 0.2217393362758094
nan 0.08742063097757276 nan nan nan nan nan nan nan nan nan nan nan nan nan nan nan nan nan nan nan nan nan nan nan nan nan nan nan nan nan nan nan nan nan nan nan nan nan nan nan nan nan nan
0.0357199813184547 nan nan nan nan nan nan nan nan nan nan nan nan nan nan nan nan nan nan nan nan nan nan nan nan nan nan nan nan nan nan nan nan nan nan nan nan nan nan nan nan nan nan nan
nan nan nan nan nan 0.06500270850261597 nan nan nan 0.17435595774162682 nan nan nan nan -0.1875994792245684 0.014213381090374014 0.014213381090374054 0.024868236565099764 nan 0.01557255307170529 0.01557255307170526 nan 0.14037764192684385 0.14354811251305472 0.01001581870570697 0.14684175155588416 nan nan nan nan nan nan nan nan nan nan nan nan nan 0.024868236565099722 nan nan -0.15180282187201682 nan
nan nan nan nan nan nan nan nan nan nan nan nan nan nan nan nan nan nan nan nan nan nan nan nan nan nan nan nan nan nan nan nan nan nan nan nan nan nan nan nan nan nan nan nan
0.06630978738324193 0.08853065970087401 0.48441161143703937 0.0441839506215915 nan nan 0.06193235372853171 0.07056711843935524 0.05758845175488975 0.3114850284499406 -0.3199325652392813 0.12950606239685913 -0.6971317320894757 0.17507392520068116 nan nan nan nan nan 0.8314039082217501 0.848103717926911 0.22968364973180747 0.09924625548019667 0.09705425637771607 0.12856310355855874 0.37763347880790615 0.7383531886779185 nan nan -0.11846333175470238 nan nan 0.21613388213495782 nan -0.12016533730143897 nan nan nan 0.10829179964058806 nan 0.25586226515521737 0.23559720530899478 nan nan
nan nan nan nan nan nan nan nan nan nan nan nan nan nan nan nan nan nan nan nan nan nan nan nan -0.3409545424246463 nan nan nan nan nan nan nan nan nan nan nan nan nan nan nan nan nan nan nan
-0.16362640645745793 nan 0.35550987584272725 -0.18799609664632713 0.3342032654386125 -0.4346605065362949 0.09972892400597802 -0.07330356528871859 -0.3469964846243733 0.3042922755193048 -0.1387981992533561 -0.18637916646164868 -0.33546146485840767 -0.015383484093391358 0.5188111767224984 nan nan -0.11915109374689993 -0.374742843638389 0.6824428207752851 0.7046171507452226 0.24981879866672804 0.004996310728856072 0.00921963958952 0.06139536570042577 0.002509205306754474 0.8956853643382343 nan -0.142495892960076 -0.05237627251832964 -0.11930548930828229 -0.040560357905612215 0.9114240821465777 0.5712963854252813 -0.0477451574308383 -0.061952241082741 -0.06632150627861466 nan 0.07137488324281203 nan 0.8783748536152537 0.8665782036260531 -0.48888295498738826 -0.4326262639943657
0.30718613352131996 0.19828474017683162 0.6870043987677683 0.3652826551389924 0.6745370241400251 0.690341352033513 0.5119574754029914 0.21643203951404386 0.29077028056582394 0.7249021999719922 0.06166630534171733 0.26873865085685955 0.14168134390870418 0.27741679285882637 0.7725568835910732 0.6907368642355775 0.47675856290026625 0.3222391239603867 0.7195657117976071 0.863204077929986 0.8808725832585034 0.5188324165290629 0.3603752026162899 0.36040546105872 0.2725404642704289 0.5010858263592269 0.9313874091597859 0.7205503993454343 0.28245949538626675 0.29756216702269683 0.518258986141105 0.20177313736361752 0.8162267093021337 0.822337064686447 0.28603877677367767 0.4544332072404843 0.4544332072404843 nan 0.34939508164386496 0.633262457471518 0.7174656690075537 0.7004258247944615 0.137852741642589 0.5844321090736799
0.03468838077084984 0.08944471165307556 -0.4837556218020989 nan nan -0.7644358311314926 nan -0.13559934184113462 -0.16518873878733648 -0.03791490919337884 0.04969039949999529 -0.14118007019883516 0.13303271808706546 -0.0302128563943434 nan -0.20498889239652268 -0.09310291254049786 -0.23357948458173033 -0.4572631477350818 nan nan nan nan nan nan nan nan -0.2663818014169694 0.0826639784509149 0.0856708593384038 nan -0.11432138304064775 -0.34805687092658194 -0.04225145852338407 0.08437205738748234 nan nan nan -0.0875844083740092 -0.10670048779381314 -0.2621093258571674 -0.24359218803975663 nan nan
-0.08111592652053705 nan -0.4837556218020989 nan nan -0.8353820969252619 nan -0.07446808510638298 -0.18432507051475994 -0.05069858302108955 0.16744512333897388 -0.2165482567533242 0.09233054185330734 -0.03495416636029623 nan -0.38729145805788984 -0.2838354251367303 -0.4317056728231927 -0.044962368675546795 nan nan nan -0.07123641530615957 -0.06966305460192361 -0.09458651567009396 nan nan -0.4942011690716947 0.07931155389125322 0.0826639784509149 nan -0.08120313615385832 -0.34805687092658194 0.08434945259497485 0.0826639784509149 nan nan nan -0.09289361682775911 -0.5866742055016589 -0.2774729601802299 -0.25838088320203617 nan -0.5320099420598619
0.08111592652053706 nan 0.48375562180209863 nan nan 0.8353820969252619 nan 0.0685802265992402 0.18432507051475974 0.05069858302108953 -0.16744512333897388 0.21654825675332406 -0.09233054185330737 0.034954166360296246 nan 0.38729145805788984 0.28383542513673027 0.43170567282319283 0.04496236867554708 nan nan nan nan nan nan nan nan 0.4942011690716948 -0.08056193037424045 -0.08266397845091493 nan 0.07623056498669441 0.3480568709265819 -0.09405790744085821 -0.08266397845091493 nan nan nan 0.09289361682775907 0.5866742055016589 0.27496678660296914 0.2559306330751414 nan 0.532009942059862
nan nan nan nan nan nan nan nan -0.044986770542121864 nan -0.105777177069589 -0.04813598623412331 -0.024868236565099695 nan nan nan nan nan nan nan nan nan nan nan nan nan nan nan nan nan nan nan nan nan nan nan nan nan nan nan nan nan nan nan
0.0029480675994039075 nan 0.48375562180209913 nan nan 0.7104547578681911 nan 0.10255774527904143 0.07854338237079495 0.03315774278597955 -0.18358178269183872 0.07303397962182266 -0.17821637582458136 0.028343115955326757 nan 0.20201531789978197 -0.20217249638136503 0.07376569550850948 0.41307841849390653 nan nan nan nan nan nan nan nan 0.045772253895327936 -0.08244490753503167 -0.0857185433165723 nan -0.10268560236080247 0.34805687092658205 0.00900654795934906 -0.08435123270682039 nan nan nan 0.08487025781439062 -0.3216486290136509 0.25511924064989544 0.23696214329123788 nan -0.5320099420598617
nan nan nan nan nan nan nan nan nan nan nan nan nan nan nan -0.20498889239652274 -0.4476589495521952 -0.1646381935245434 nan nan nan nan nan nan nan nan nan -0.449679541855474 nan nan nan -0.12222222222222213 nan -0.08326680989374562 nan nan nan nan nan -0.3521073583961781 nan nan nan -0.5905169916779002
-0.05736588564315656 -0.2605089825445165 -0.13437096247167152 nan 0.035476547532295455 nan nan 0.0477455260559313 0.15697331091620828 -0.045549749828783945 -0.1244131038150149 0.11538245939494254 -0.21697265397890672 -0.020106196803162564 -0.08964214569815611 -0.04535342286993401 0.23185729423945414 0.0640682814554729 0.06417594063857673 nan nan 0.04176345347919 nan nan 0.35960767720858416 0.11915109374771894 nan 0.13232920692783953 0.03151837465882829 -0.25900837156059653 -0.11723278217853433 -0.013276646711843507 0.01402672862786283 0.0553383885966785 -0.17938649284921554 -0.3002702522901732 -0.30027025229017495 nan 0.045704049153781796 0.2869243296081536 0.061686533140524025 0.05645110049120396 0.08415464553123064 -0.12875926129202767
-0.08216048929197628 1.000000000000004 0.3147076191966864 -0.05295714735097694 -0.45099585445008616 0.20032205723133062 0.036789023554697015 -0.1669433699208619 0.09862785123750939 -0.2764989885045367 -0.08541435695320851 0.12142961321847141 -0.02262427998201755 -0.10507733331399337 -0.437233445567808 0.062237799579913704 0.09058945028641384 0.13123187696579677 -0.4806108413138613 -0.07849952416811176 -0.12047183478706575 -0.033692975312763385 0.05251163800514367 0.06082765219527648 -0.12370033251746795 -0.26666247556679373 -0.5144107086134223 0.20729038483916679 -0.07818516778813292 -0.13337076023459607 -0.188381308879238 -0.048028087960162676 -0.09177361739310734 0.20737672381014455 -0.13223316728633502 nan nan nan -0.10717832846540441 0.20274237606292025 0.2360219601658491 0.214962110133638 -0.20432407297009986 0.42123732188510815
-0.10073321288876183 1.000000000000004 0.17208837249785158 -0.25144353936578345 -0.2320406527856297 0.1493949571197043 -0.02336195319780661 -0.13239156590029938 0.12138805827154046 -0.3168466948015693 -0.08541435695320851 -0.00412899601708397 -0.09904313571492349 -0.03387601603225317 -0.1891302352909145 0.06764550916216694 0.06974348650308664 0.18839398901059434 0.024681307246338473 -0.5106478669539676 -0.5477107479429204 -0.13585145326234396 0.3536962493852312 0.34171661277274934 -0.08204476254267222 -0.3227979221797629 -0.74936872872049 0.1928556997746259 -0.07869759815917796 -0.13248739836016013 0.059487547157680794 0.22442574304853322 -0.020483191340414413 -0.31162663752456915 -0.13276052440823152 nan nan nan 0.025357735323981022 -0.019227732546069416 0.23661396573648738 0.21550492274385516 -0.11823160533197345 0.515055509277221
-0.12913032495450516 -0.11137236415326893 -0.5317361742922405 -0.23453668853576243 -0.4216755854740399 -0.58286924672134 -0.03583630166427729 -0.005210169063775996 -0.0025286243929113082 -0.5052037444593639 0.0945379128606433 0.11013030243759343 0.049996358672090464 -0.1254710877459803 -0.3692005492434122 -0.2627931071447685 0.19268657357021998 -0.043140883986326255 -0.4075141570326483 -0.6958864533055986 -0.7230004808244181 -0.2976856186753344 0.2316924007508557 0.23662094741060274 0.14216083988774889 -0.1568565645521681 -0.8217889732229097 -0.14960492630629632 0.20378014642883044 0.1857282027686026 0.06416450347532607 0.01648193960275478 -0.5768644848128761 -0.31628743136355436 0.09560179319956624 -0.03996401295356905 -0.03972683771412542 nan -0.11331313496064495 -0.19754447794130534 -0.3750901954480831 -0.35026956215231325 0.5144725839791514 0.3911448989395248
-0.10322373117057827 0.24231104758225466 -0.5418978580660512 -0.24424440021783084 -0.44791458801162204 -0.634839464051927 -0.040844173467770487 -0.10308292814238575 -0.17373176280172076 -0.05028256299689071 0.057976181072413764 -0.07845768697717383 0.2550829738125364 0.11678848303149578 -0.4319695466217921 -0.032974329648873944 0.03666846816537754 0.023032229806608448 -0.2520518593558629 -0.6930190118856517 -0.7176425826558325 -0.28668317393437165 0.20839286443303537 0.21436875806479136 0.11346723653262598 -0.17022965366035184 -0.8129773857323648 -0.035927881397958786 0.3452870333070093 0.31693901621940623 0.046116540292870614 -0.05619093490075246 -0.2695732982684214 -0.09277093152832079 0.30628044107391933 0.4247786755391233 0.424770898412974 nan 0.04134846544328049 -0.07543947459556165 -0.09463704724236867 -0.0683604033265144 0.46257718261053127 0.42217110802025026
0.285848483526891 0.2349469315895486 0.5573325754031226 0.28427615141191004 0.3260357334695991 0.8807978344916285 0.40349304910922285 0.130855253017468 0.33889636960360575 0.350938570729427 -0.09102142790211545 0.2536062625654215 0.024224074366834495 0.10647030119276925 -0.15097945660943132 0.4702027646977918 0.3133143135390486 0.4898087073483732 0.6613539509401859 0.5137462374740603 0.5588010925582461 0.31363618282356764 0.028729191570948574 0.035882962762177006 -0.164028895583982 0.3606633885427731 0.7612701173817439 0.5694974804498317 0.005495965487612716 0.058972797885857894 0.008734823009701395 0.00043702883688717073 0.41333347881432514 -0.0354497281425447 0.10409042461232894 0.4108758944601541 0.41087349775691845 nan 0.1492891160224092 0.5233635998456305 0.357696326633808 0.3386675874601371 -0.3320398413145164 0.5045317363497116
nan nan nan nan nan nan nan nan nan nan nan nan nan nan nan nan nan nan nan nan nan nan nan nan nan nan nan nan nan nan nan nan nan nan nan nan nan nan nan nan nan nan nan nan
0.3034155812345741 0.22661346005398234 0.5634279217800304 0.3305636404594939 0.34359037905861706 0.895091081933836 0.32462816709873266 0.10581450352462986 0.42976580899972433 0.21854322705405466 0.046441039854844886 0.23945128102557203 0.15011587647035943 0.16097655894889118 0.20371663888578934 0.5737379165728967 0.18993399472880518 0.49471507961095956 0.7803083068334603 0.7021108223275723 0.7444421266421647 0.27776029954336273 0.08535264247204431 0.09369903741848165 -0.1601799658057672 0.23862181176494737 0.6588479978986843 0.5881940311023087 0.10965296650771 0.18325373008796206 -0.1504599403217731 0.007951355343633023 0.4076601754684218 -0.09003393068477847 0.20486479300303043 0.39285837607247037 0.3937701075042024 nan 0.18082322455993413 0.4496692981839691 0.34376801265357776 0.32861219885592985 -0.28736731456016734 0.5180378033996454
nan nan nan nan nan nan nan nan nan nan nan nan nan nan nan nan nan nan nan nan nan nan nan nan nan nan nan nan nan nan nan nan nan nan nan nan nan nan nan nan nan nan nan nan
-0.025973436800599558 0.16436220778932242 0.3004389423358147 0.10881180489457279 0.21069700156730087 0.30427804803024133 -0.21365720066085375 -0.0837227039590152 -0.035144253106008584 0.2940795217470054 0.01346839485380056 -0.24436017210564223 -0.07448730132772353 0.12687173585348843 -0.30401705822279923 0.1954555570256486 0.08203194112638622 0.22924248449774165 0.8643228570570911 0.56786538013316 0.6039137463392821 0.16029668093923574 -0.3374873396785208 -0.34071022067517376 -0.3170450107680866 -0.053718171233851135 0.8699692041901005 0.25984130714244036 0.04487483886502878 0.03900430789506343 0.08071218390125229 0.05301613155634599 0.9614580117761343 -0.030469098630462918 0.0543797128989921 0.4485057685691517 0.4485057685691518 nan 0.31431850714047943 0.34103035011922883 0.7304031723611399 0.709726803550189 -0.02781910221588379 nan
-0.2638939556622516 -0.15134172317174588 -0.4865642859167269 -0.18352665921658776 0.03354996555738401 -0.8077963792026875 -0.08760932251100761 -0.13132732104375142 -0.19919706232940942 -0.06277594909885557 0.009694769477639314 -0.3019022418009778 0.08953335490409021 -0.038150230813407404 0.08826842952675032 -0.5546943385127332 -0.31598576543389123 -0.418829095407694 -0.05221707101253263 0.19487499553948862 0.19488420562615325 -0.04077416335408733 -0.11254709232569142 -0.10678759111582874 0.04014307771737607 0.10286219415513016 -0.08786462388841441 -0.6543592641363061 0.07903017205596247 -0.18846374906528737 0.0022583401263965366 -0.04040884937999929 -0.3538762234450169 0.08468963790194242 -0.26540995438894605 0.06646735559947647 0.06553932697280054 nan -0.09291813243980745 -0.5870576518237877 -0.28295054823283394 -0.2636249676921176 0.19487255316489113 -0.25437783288880295
0.16320203886985904 0.22838795171431975 0.4962882790594771 0.2520317849644255 0.3970195683032521 0.8730140047557091 -0.21888258328049415 -0.03711396265904261 0.17454546482646288 0.608837296423377 -0.18601010694562603 -0.03840185038511 0.0033081233204165913 0.1397300490414146 0.3518713575697301 0.1226050203425653 0.22138814777266552 0.3693638420238909 0.7978665689295155 0.7221360743443833 0.7461856406065279 0.3239141940851124 -0.14579092185425263 -0.14427585036390328 0.29053157187403916 0.156748554945229 0.8404563738470324 0.41604234978721466 0.06985279063888482 0.1622580145906836 0.12461068644611742 -0.1200002495188783 0.717277400750388 0.07255422327210119 0.21137114280554156 0.251741815541748 0.2515735605717032 nan 0.2127028093447267 0.18313254978230245 0.6010984740672027 0.5805988880379849 -0.29854705117442026 0.43950641944687135
0.035719981318454656 nan nan nan nan nan nan nan nan nan nan nan nan nan nan nan nan nan nan nan nan nan nan nan nan nan nan nan nan nan nan nan nan nan nan nan nan nan nan nan nan nan nan nan
nan nan nan nan nan nan nan nan nan nan nan nan nan nan nan nan nan nan nan nan nan nan nan nan nan nan nan nan nan nan nan nan nan nan nan nan nan nan nan nan nan nan nan nan
0.15803814559223248 0.2512468905280223 0.6124486308219687 0.06566410901933423 -0.28314818854930823 0.764380598374851 0.11014786736770231 0.1455759166286083 -0.09016171976546235 0.09682177887027774 -0.16781287169105966 0.33104313527321794 -0.027494550403327996 0.02211608604894233 0.6830922914032815 0.04574779253244639 nan 0.11915109374689986 0.18526848058645753 -0.7814155665837763 -0.8121992279556971 nan 0.24513614270603068 0.2411854944087569 -0.3292887111250704 -0.6081500852574565 -0.5492292257341234 0.1383471781098628 0.1379447345813324 0.14920924808743952 0.23354246071945917 0.12577981988352718 0.5050108781177014 nan 0.14588516081647493 0.07904797965625185 0.07897610687806145 nan 0.11491248230758701 -0.2047756281881543 0.110445095192663 0.10040279155739078 -0.47329769259770177 nan
nan nan nan nan nan nan nan nan nan nan nan nan nan nan nan nan nan nan nan nan nan nan nan nan nan nan nan nan nan nan nan nan nan nan nan nan nan nan nan nan nan nan nan nan
0.035719981318454656 0.08753324491595887 nan nan nan nan nan nan nan nan nan nan nan nan nan nan nan nan nan nan nan nan nan nan nan nan nan nan nan nan nan nan nan nan nan nan nan nan nan nan nan nan nan nan
0.035719981318454656 0.08753324491595887 nan nan nan nan nan nan nan nan nan nan nan nan nan nan nan nan nan nan nan nan nan nan nan nan nan nan nan nan nan nan nan nan nan nan nan nan nan nan nan nan nan nan
0.014336783919552247 0.08501383557990681 -0.13019181058397486 nan nan -0.26916348116309674 nan -0.09967283159357004 -0.3378001616845417 0.1735205353774497 -0.09837230443947123 0.05527423827103128 -0.07420858860516866 0.02562542077906096 nan -0.16932584496584757 -0.19192025150619843 -0.40180785185157275 -0.03124211490469977 -0.18198918363713754 -0.20449492689698842 nan nan nan nan nan nan -0.24224281954056598 0.16474582176532823 -0.017493998894094476 0.2887078316320797 0.39669055955318955 -0.03671940368172627 -0.0034124072252519227 0.18061190272218292 nan nan nan -0.031081932637532606 -0.28295491046135846 -0.0611595361000171 -0.05799204163916707 nan -0.4669071566634942
0.25146231370560196 -0.051856633461739 0.46204215221624406 -0.017378818756752134 -0.32130899236470817 0.7628695108568482 0.04254814750609996 0.11250618828405343 -0.13828384029006038 -0.03878298636496174 -0.14059149725849787 0.30269125816421183 -0.18182918296969994 0.01951862436701815 0.6913510913828957 -0.013428656130582303 0.06603816510488 -0.02034387068959093 0.1831903602150312 -0.7769022347616366 -0.8018874920500343 -0.40453885833077663 0.257936454094671 0.2519496350633899 -0.35943870142261714 -0.6116994369193799 -0.5981923680301859 0.033686915526141906 0.0 0.010308121991160744 0.2775445381045545 0.08417831959162417 0.5167686875275206 0.24580707785707454 0.0 -0.11590113214099501 -0.11970182146743992 nan 0.042092204566952056 -0.23303658177537795 0.07095620716748977 0.07173016093493853 -0.5141297736587167 -0.520587874040203
0.07348381115773875 -0.1690127808111235 0.35917823765462437 0.029198327725192236 -0.2628468365541523 0.6605622947657577 0.14259786090986065 -0.15593835386336832 -0.2765875748110157 0.0895894498447153 -0.14197360453715993 0.18263139669393755 -0.26926287210252975 -0.08782740410075093 0.687944161132626 -0.14159639075028174 -0.2100864762563973 -0.0671181990340011 0.19204492048553026 -0.6703527666190421 -0.6545200123130734 -0.42148105495533794 0.24889870257847943 0.2435619217941106 -0.3100654568807893 -0.6045191718076728 -0.6054616812738349 0.030668968949657243 -0.16942389959599716 -0.1684260520294369 0.1298092015878031 -0.1010401880659571 0.19341730364324833 0.2565291569367426 -0.1716981990842044 -0.22935337206716244 -0.22958753822983885 nan -0.04007820658544958 -0.24590263416128585 -0.002183344422988007 -0.011955096640407734 -0.5117635254235757 -0.5406423240416662
-0.053903215454884905 -0.09520493493847788 -0.6056905887802951 -0.07833600000855215 -0.2879362471551398 -0.5569158630927766 -0.14922566353812597 -0.2608612571961891 -0.3924115503425973 -0.6222645359646735 0.027222270546627774 -0.38542832258575876 -0.05482616684172393 -0.19279929607205198 -0.6121920565173197 -0.19997528606036113 -0.19868131964393762 0.03357072343157086 -0.6391316311517676 -0.5146388437116175 -0.5160307127894251 -0.30593063812542115 -0.3709245493737166 -0.3614691177340125 0.3481176170729215 -0.15021630370596223 -0.7829592368323783 -0.25013549095227594 -0.12656809657501536 -0.15966452173516346 0.41981246928461097 0.21475756124305914 -0.5468253922573493 -0.0214480824997243 -0.15799693451246966 -0.2389091672408339 -0.2391481845947244 nan -0.2683679642001141 -0.1306349518792816 -0.504840888373798 -0.4809673190970072 0.11643861980434128 -0.36306520857497276
0.18041765937386464 0.03685384334568176 -0.4136063299173276 0.2540814729029141 -0.46074337255218 0.59807296842318 -0.1157568432127806 0.14399922615320357 0.349729871851119 -0.31731706234017887 0.2063718825961805 0.24182843909767857 0.2899534332677073 -0.17873140566034662 -0.36529513922983115 -0.17688495308676996 -0.19787735491862454 0.2094346620069414 0.4726672367116626 -0.810634712586208 -0.8196322909557794 -0.2509807018932629 0.02339875334911411 0.036640821377681605 -0.12913539324492854 0.012131621466644862 -0.8380747553698744 0.2213646179665445 0.16497186551566972 0.10890340128694406 0.13486936752491047 0.004912740161950575 -0.5482992014935403 -0.5056290644762784 0.10211356105885297 0.05641458991758746 0.06190070329469404 nan -0.10181839348515113 -0.11916825693464206 -0.4490190692813737 -0.41773595807341923 0.3344912533429091 0.4192217061690005
0.34775405645844376 0.042395723051620295 -0.2827987533422649 0.26724191234583405 -0.1575540448871339 0.7101732693303039 0.22331512899419512 0.3414558438227478 0.5557526806162107 -0.13640559527273038 0.1854839474079128 0.23056230658847315 0.22272916236432025 0.2276578390341725 0.28975706231441234 0.06462264682408346 0.03781832771920836 0.23689624067953904 0.6311988055699972 -0.6476281798154602 -0.6453555443930115 0.24534929950050757 0.30982126438313184 0.3284745314190575 -0.16123311029395224 0.39948199309769755 -0.5446298388773223 0.23297362638946714 0.14549592127131725 0.04079048815245492 -0.21216842178174206 -0.049116357160705566 0.46244939565739546 -0.2439191658702807 0.13124229732696233 0.0158004803481617 0.021082790420962328 nan 0.1996087381923468 0.053041349508080114 0.4566963270414866 0.43097765331942 -0.016518502843297648 0.43217987580351663
0.17234521637045402 0.34287403421204193 0.4506403880548061 0.1464967887796853 0.24460258850654729 0.5177168735808456 0.26289701287671835 0.12129841828053703 0.026257518479240197 0.3066710905675861 -0.24590625590436116 -0.07599062628992245 -0.004289437306800308 0.20977104546563136 0.5874512557498505 0.2494869073640921 0.1994608979895063 0.1334872958241383 0.2982743901750396 0.5918341227135175 0.6100275343350796 0.37207257700773666 0.09312120687923964 0.11273716046235595 0.06605070905190107 0.11993434089017452 0.9152448786845842 0.4076663076458229 0.2468171511881748 0.2571803909776435 -0.22320861641112008 -0.20217055650289764 0.7961918482005629 0.40984154062836065 0.2747696105293158 0.42438540866816304 0.42438540866816304 nan 0.30497198963651767 0.3777887267887731 0.7337017832419397 0.7145317344941278 -0.537067976333945 -0.3008029634556995
-0.035719981318454656 nan nan nan nan nan nan nan nan nan nan nan nan nan nan nan nan nan nan nan nan nan nan nan nan nan nan nan nan nan nan nan nan nan nan nan nan nan nan nan nan nan nan 0.2252590215601994
nan 0.08753324491595887 nan nan nan nan nan nan nan nan nan nan nan nan nan nan nan nan nan nan nan nan nan nan nan nan nan nan nan nan nan nan nan nan nan nan nan nan nan nan nan nan nan nan
0.035719981318454656 nan nan nan nan nan nan nan nan nan nan nan nan nan nan nan nan nan nan nan nan nan nan nan nan nan nan nan nan nan nan nan nan nan nan nan nan nan nan nan nan nan nan nan
nan nan nan nan nan 0.06500270850261591 nan nan nan 0.17435595774162693 nan nan nan nan -0.19516029844090238 0.01421338109037403 0.01421338109037403 0.02486823656509969 nan 0.015572553071705224 0.015572553071705224 nan 0.1403776419268438 0.1435481125130547 0.010015818705707025 0.14684175155588414 nan nan nan nan nan nan nan nan nan nan nan nan nan 0.02486823656509969 nan nan -0.15180282187201677 nan
nan nan nan nan nan nan nan nan nan nan nan nan nan nan nan nan nan nan nan nan nan nan nan nan nan nan nan nan nan nan nan nan nan nan nan nan nan nan nan nan nan nan nan nan
0.11242458192742406 0.12192258051151138 0.4937163984466124 0.04633336006294943 nan nan 0.06193235372853323 0.07440988592072316 -0.011005924243331737 0.31257785245435693 -0.2574374718659652 0.13128643015464114 -0.6065593074945709 0.14399258842630894 nan nan nan nan nan 0.8198905860820048 0.8329183255960485 0.25433493129059137 0.10124596914769851 0.0990098034361779 0.15181060884754435 0.3778776647071545 0.8132510475495194 nan nan -0.07035734904299468 nan nan 0.21584211326628286 nan -0.12091260581227502 nan nan nan 0.11970807440554959 nan 0.278903569848691 0.256187817550102 nan nan
nan nan nan nan nan nan nan nan nan nan nan nan nan nan nan nan nan nan nan nan nan nan nan nan -0.3409545424246464 nan nan nan nan nan nan nan nan nan nan nan nan nan nan nan nan nan nan nan
-0.14006602283581907 nan 0.4156411068057452 -0.21565998326256253 0.28402867905514484 -0.4082579320108758 0.23786068989741915 -0.09442731964094436 -0.33189192820265834 0.3150965306630204 -0.1560278994883104 -0.2272938846418578 -0.27837547036226057 0.20300015552964737 0.5663093122023667 nan nan -0.11915109374689986 -0.41967063127038373 0.7154746859824254 0.7487830416711703 0.21217579162187902 -0.02770055553087341 -0.022114414097829917 0.04421124149010014 0.055732279587587655 0.8973607734016853 nan -0.1596830941605983 -0.06575542955986728 -0.12559908248549204 -0.028933792317079984 0.6255089640647341 0.5557077416816025 -0.052410966579969756 -0.05641458991758746 -0.06190070329469404 nan 0.3012421915421844 nan 0.7804499730436641 0.7287962573951343 -0.5034224296530391 -0.3688544647341665
0.30591247269580557 0.35066662589867925 0.6825706708600816 0.37921049435941656 0.6803383054803481 0.6886190902687772 0.5119574754029914 0.21643203951404386 0.2543518848581837 0.7202060249287711 0.06166630534171737 0.2687386508568593 0.14168134390870418 0.27741679285882637 0.7719853059700854 0.537181515320705 0.51514585926961 0.26250490205461147 0.7289132248017344 0.8629813904956933 0.8808725832585027 0.47851179350801887 0.30343693116940634 0.3021483089292314 0.26144136514894517 0.49781777805687616 0.9306532286464954 0.6500432188588141 0.2752271788904577 0.2890580312922397 0.509657811030606 0.18627167311957715 0.8162267093021333 0.8109644844802657 0.28603877677367767 0.4544332072404845 0.4544332072404845 nan 0.34533543080136425 0.5668540120081803 0.7442098120478151 0.7300474167951221 0.13785274164258896 0.5740319643874456
0.0332913099597723 0.08929548818684131 -0.48375562180209897 nan nan -0.7644358311314924 nan -0.13559934184113462 -0.16518873878733648 -0.03791490919337893 0.049690399499995326 -0.14118007019883516 0.13303271808706552 -0.030212856394343388 nan -0.2049888923965229 -0.18755943042804196 -0.34035612805825904 -0.45726314773508175 nan nan nan nan nan nan nan nan -0.34035612805825904 0.08266397845091496 0.08579636909072867 nan -0.11583554893095324 -0.348056870926582 -0.02230689581708739 0.08437205738748232 nan nan nan -0.08727463706635365 -0.2182378149658248 -0.2621093258571673 -0.24359218803975666 nan nan
-0.08323681193111102 nan -0.48375562180209897 nan nan -0.8353820969252621 nan -0.07446808510638298 -0.18759972641970526 -0.050698583021089656 0.16744512333897385 -0.21654825675332415 0.09233054185330737 -0.034580936884954346 nan -0.3552612548537343 -0.2805375174576454 -0.4234696336365158 -0.027217417706887626 nan nan nan -0.07123641530615954 -0.0696630546019236 -0.09458651567009405 nan nan -0.4815472511623764 0.0793115538912532 0.08266397845091496 nan -0.049740303516998305 -0.348056870926582 0.07576973427153448 0.08266397845091496 nan nan nan -0.09289361682775903 -0.5652342840967517 -0.27747296018022993 -0.2583808832020363 nan -0.532009942059862
0.08323681193111102 nan 0.48375562180209897 nan nan 0.8353820969252621 nan 0.06858022659924022 0.18759972641970526 0.050698583021089656 -0.16744512333897385 0.21654825675332415 -0.09233054185330737 0.034580936884954346 nan 0.3552612548537343 0.2805375174576454 0.4234696336365158 0.027217417706887626 nan nan nan nan nan nan nan nan 0.4815472511623764 -0.08072254351950305 -0.08266397845091496 nan 0.04082070511799087 0.348056870926582 -0.09405790744085854 -0.08266397845091496 nan nan nan 0.09289361682775903 0.5652342840967517 0.27440529291443344 0.2553095509697828 nan 0.532009942059862
nan nan nan nan nan nan nan nan -0.044986770542121864 nan -0.10577717706958902 -0.048135986234123296 -0.02486823656509969 nan nan nan nan nan nan nan nan nan nan nan nan nan nan nan nan nan nan nan nan nan nan nan nan nan nan nan nan nan nan nan
-0.020520667602068846 nan 0.48375562180209897 nan nan 0.6151183599622038 nan 0.1088091604732347 0.0443838826485118 0.02664409469800397 -0.1648465559218748 0.02375661116755822 -0.18004370155362884 0.02716827623073202 nan 0.03351791508894472 -0.2753730361467225 -0.10677462773427436 0.4291850639675905 nan nan nan nan nan nan nan nan -0.12287676214346482 -0.08213673730067673 -0.08550666969016008 nan -0.040782960583689375 0.348056870926582 0.08007478799289748 -0.08408329203831164 nan nan nan 0.0846604809259609 -0.5424955510040798 0.2488277106225732 0.23131884918614704 nan -0.532009942059862
nan nan nan nan nan nan nan nan nan nan nan nan nan nan nan -0.2049888923965229 -0.4332633976199371 -0.16463819352454365 nan nan nan nan nan nan nan nan nan -0.51401375947297 nan nan nan -0.12222222222222222 nan -0.0832668098937455 nan nan nan nan nan -0.43959048661039896 nan nan nan -0.5905169916779004
-0.0657765858531394 -0.35058232343608564 -0.13437096247164249 nan -0.03179363774653636 nan nan 0.04774552605594227 0.16478592813977674 -0.06865301992498343 -0.12544263776601305 0.12091917754744812 -0.2507375834002886 -0.1555239756451947 -0.08964214570007953 -0.04959921164755542 0.33282037709698126 0.16811464970655077 0.06618702963244585 nan nan 0.04176345347922784 nan nan 0.37002679927898674 0.13827004000623005 nan 0.1498060558496021 0.03309570797797321 -0.3332764227646227 -0.06236000363595191 -0.028474179576244422 -0.03202845426811569 0.048981237437066914 -0.32596898242968203 -0.4219029461847536 -0.4219029461847536 nan 0.047719683515288935 0.5465114337136329 -0.022283471012774017 -0.03228101970333258 0.08585027821894504 -0.1287592612918428
-0.17511235811925382 1.0 0.28519825257226417 -0.11653832932523572 -0.455270240284155 0.18416258511405048 0.029111810120425217 -0.16740073713865325 0.06829677809676032 -0.2894534539193556 -0.05875223726033415 0.11600372383252991 0.02254892676323183 -0.10347488927983557 -0.4781565383789645 0.0611131625142445 0.11308666081485574 0.13744635606067065 -0.5322474608991815 -0.12041649332707162 -0.15570047313283306 -0.09496291493295088 0.03405853944118637 0.037785704376585454 -0.13008452529100775 -0.3141146843111828 -0.564229758804687 0.20635978048316025 -0.07559718956432215 -0.19380252349306432 -0.18876953044352174 -0.044594631113981396 -0.07897284178772314 0.20574161551584594 -0.19560314999207148 nan nan nan -0.12773736516707768 0.19515735986140795 0.21603641940578874 0.19415114106965636 -0.21755661772623455 0.39205306081328123
-0.20694442019721135 1.0 0.19119915508625349 -0.3364368458546049 -0.2414194251347587 0.1578588721296588 -0.03388902023944218 -0.13924697680169792 0.1236483103766901 -0.3180408348042259 -0.05875223726033415 -0.0033206259202393476 -0.1000491451158023 -0.01568611719947184 -0.1607678802671202 0.06033326487872051 0.06194573750787697 0.190330132716613 -0.0890462402834395 -0.67005417161847 -0.7059741787489413 -0.16390745669749732 0.35487317569175125 0.3443055569783137 -0.10527165142980616 -0.3279012780233252 -0.7648963183669183 0.20289001970263615 -0.07559718956432215 -0.1949868906928271 0.050552559706057175 0.24351933952446586 -0.035450384551993556 -0.3007316015190008 -0.19560314999207148 nan nan nan 0.05943725343258902 -0.0200140941471614 0.1943652668027365 0.17161969310699826 -0.0970641894913134 0.4705836030551969
-0.13197193093497442 -0.16056582123400573 -0.45296239864610105 -0.21697296930060533 -0.34439648807961415 -0.3957223148396391 -0.10042699090037027 0.04624791262821254 0.08039877708421858 -0.5671377204620078 0.09144047490590386 0.23794519847877182 0.0010157627786285708 -0.16930408288538085 -0.47972116311023694 0.0 0.2316974112058446 0.05395059449604136 -0.5456849784854504 -0.6736554502486731 -0.7050220954202683 -0.23445748264322996 0.35417362290332055 0.3529167135103822 0.36871948380234815 -0.05631981260643083 -0.7296811028255008 0.09297807311903411 0.16261292634757366 0.15963931546595986 0.11789877279700535 0.2382881436791227 -0.5230101800312132 -0.43547866926198636 0.1171965463161672 -0.07347221229665975 -0.0722511496002169 nan -0.09487274613894413 0.0875466991872671 -0.3464249614394654 -0.3167739474172837 0.5869297082449859 0.42759023355039777
-0.048154590597888375 0.15922439412573178 -0.45305445741375266 -0.2177825515066974 -0.34324852704543635 -0.39732781254628363 -0.10631773328878126 -0.009373270300478846 -0.08178365874709378 -0.3397454431932841 0.04323735602091506 0.10401549904507047 0.25989636734031996 0.007354151814378824 -0.48569466363174996 0.01472648756528973 0.025749847248940787 0.0010180063704722177 -0.5504940198771727 -0.6685204610575545 -0.6996204562706819 -0.22651474942329436 0.40242371726775117 0.40771615514478654 0.3298421419440637 -0.07980833112594218 -0.7126366484350037 -0.07301581351558066 0.1732015096432819 0.16862902815315164 0.10184185872138385 0.1627193833324929 -0.46953222968646824 -0.4487589408214569 0.16556264117185762 0.23627501369911336 0.23650406032621082 nan -0.06454599750054439 -0.08082813067596725 -0.3300679067752702 -0.2987087521070674 0.5468181038989636 0.4572060874085237
0.3309957429373187 0.1574851779898444 0.6519594847939345 0.30003913063523263 0.3361168469632852 0.743391911610986 0.4275961574578698 0.11369119155549624 0.4508206803221421 0.48198497017671044 -0.035824487607196594 0.264267405156486 0.128099656422808 0.12051421372501513 -0.21357709691196222 0.2319332526596226 0.21717130827284398 0.28059587049262624 0.5804987034927183 0.6565057391864279 0.6880892675344561 0.2946843759256976 -0.08055968758635573 -0.07320996381478605 -0.32778074713426264 0.40043329365253333 0.7451887961732306 0.28966484088300587 0.025925632501168135 0.015472178826507157 -0.05333801599389428 -0.3162839690278952 0.5244336263645512 0.22072341662827977 0.15828283506260932 0.23589968265404976 0.23709210099185732 nan 0.19173573669142868 0.28208023950102773 0.4550771605176743 0.4291834945673873 -0.39048919496508316 0.4642730408661797
nan nan nan nan nan nan nan nan nan nan nan nan nan nan nan nan nan nan nan nan nan nan nan nan nan nan nan nan nan nan nan nan nan nan nan nan nan nan nan nan nan nan nan nan
0.3225558099017348 0.16725073242831273 0.5508366487771634 0.3094551783599385 0.407319309356998 0.741678042562415 0.48705246467129343 0.06822047982869087 0.3668533774634021 0.25745527441563587 0.04447630187422779 0.18218433858643765 0.19286579849982569 0.2171237933672215 0.3080233084846976 0.22928899000696343 0.18816563241395992 0.2693883880513335 0.6485497579931537 0.7140227666820832 0.7462479437750772 0.2752628733850908 0.003957788337472803 0.011240934828338952 -0.2892361332723623 0.2802387577473306 0.7027390682096611 0.29431915289704613 0.16778149767346176 0.16643216099763644 -0.15378740166555926 -0.25026703526220523 0.56565877061449 -0.13935571771643612 0.1705927789276407 0.2347803005117525 0.23479646620248532 nan 0.2895235880995583 0.2611221820590331 0.49322205343713055 0.46876640389306873 -0.38702337999707037 0.5533861373642863
nan nan nan nan nan nan nan nan nan nan nan nan nan nan nan nan nan nan nan nan nan nan nan nan nan nan nan nan nan nan nan nan nan nan nan nan nan nan nan nan nan nan nan nan
0.13132760993805798 0.35056125731880694 0.45711546049528406 0.2750696532316822 0.3368525736581274 0.3922799762147293 0.10217079484448191 -0.042316062661523636 0.04015378594194475 0.6913062833979752 0.12377296048488996 -0.17539490682647996 0.06472935629098019 0.2458136491068241 -0.2761811373113758 0.16565468618379922 0.16465961731823267 0.3035726822868995 0.8239191312385948 0.7027919011477054 0.7393053115225904 0.2188754594097987 -0.38041396927551707 -0.3790727819687203 -0.3867537282163653 0.03589772186102227 0.8626855757238331 0.30727785293261817 0.2950463464056629 0.2813135178127723 0.057740744107362886 -0.03469442286944755 0.8584907730483902 -0.10621665685422223 0.29847119562873203 0.4658655172921941 0.4658655172921941 nan 0.34976800353333126 0.38027350354986605 0.6802304942572065 0.6567827679524352 -0.2157160185352929 nan
-0.24283110867307353 -0.11572451340142573 -0.200860749389268 -0.060311333071710965 0.33377290811856397 -0.5640475755753641 0.40063064573232243 -0.009373899942154736 0.07905569086854072 0.36810673374922787 0.01976718612939492 -0.18744248482799145 0.0365515456493023 -0.05487068388707536 -0.6648577409362153 -0.24184019775629584 -0.19781372150352056 -0.2582015684159516 0.47628811664069187 -0.5394346588453725 -0.537413328464244 0.3025439081763512 -0.14028677411746285 -0.12252308448179215 -0.16569757369821903 0.45362880097516195 0.6857383670389546 -0.2948340815063576 -0.010361675453093485 -0.16181531880654432 0.17125516844263772 -0.13248774967659258 -0.17588128711087628 0.4312114342854647 -0.15516602029782253 0.11461145323676082 0.11469343910972411 nan -0.07007504546009906 -0.2844032147889148 -0.154305874832853 -0.13762807236346838 0.04068560053836129 -0.10159684077188662
0.1378623288278878 0.15552895651819978 0.4787437827821921 0.25065473280739897 0.3815273734846577 0.7480989104765137 -0.14353794862692987 -0.06085131141816006 0.17072091407783457 0.5978169071026359 -0.12494946897661685 -0.1012747091851327 0.04974175990816377 0.1463452862795128 0.4801909855987672 0.16187479172043093 0.19363823144171188 0.2704969096093793 0.6338259085375828 0.6370020673647354 0.6682076886615147 0.2524502508186169 -0.230284769524075 -0.22736162163396995 0.25760630723004296 0.038749726641036805 0.8261837371409968 0.2719820015202537 0.0398276268599347 0.1421123329022002 0.0428261530662959 -0.1903700576612664 0.5483497962145005 0.3590938191030355 0.14445942792495736 0.21962416839067403 0.21918534304301857 nan 0.2001181164350456 0.18444385307155262 0.47983856644500916 0.45726233387790804 -0.4133648237398258 0.4406430986214498
0.035719981318454656 nan nan nan nan nan nan nan nan nan nan nan nan nan nan nan nan nan nan nan nan nan nan nan nan nan nan nan nan nan nan nan nan nan nan nan nan nan nan nan nan nan nan nan
nan nan nan nan nan nan nan nan nan nan nan nan nan nan nan nan nan nan nan nan nan nan nan nan nan nan nan nan nan nan nan nan nan nan nan nan nan nan nan nan nan nan nan nan
0.1330944304763453 0.2439742681206282 0.566076408280542 0.06174440378833497 -0.25541606881537726 0.6559281862995759 0.09842939931261951 0.12260203992901648 -0.07584917633593183 0.08216112123477323 -0.14892084929531765 0.2789613198862319 -0.023886099548998757 0.019749878793178938 0.5927850981648357 0.04110326104466558 nan 0.11915109374689986 0.17160932796020031 -0.6805839679432226 -0.7070857623026886 nan 0.2108790432402846 0.20757981071264883 -0.2898508339363407 -0.5295096211704458 -0.4809150064249181 0.137688609891635 0.1221436776071593 0.13508965857535607 0.20197935901427472 0.10621953402076949 0.45263924928650356 nan 0.13027519166560841 0.07009352041578504 0.07000777907431417 nan 0.10292578293342232 -0.18028305253660284 0.09992418602660487 0.09092199502135488 -0.42376845721864925 nan
nan nan nan nan nan nan nan nan nan nan nan nan nan nan nan nan nan nan nan nan nan nan nan nan nan nan nan nan nan nan nan nan nan nan nan nan nan nan nan nan nan nan nan nan
0.035719981318454656 0.08711590390649522 nan nan nan nan nan nan nan nan nan nan nan nan nan nan nan nan nan nan nan nan nan nan nan nan nan nan nan nan nan nan nan nan nan nan nan nan nan nan nan nan nan nan
0.035719981318454656 0.08711590390649522 nan nan nan nan nan nan nan nan nan nan nan nan nan nan nan nan nan nan nan nan nan nan nan nan nan nan nan nan nan nan nan nan nan nan nan nan nan nan nan nan nan nan
0.013897981670309456 0.08421664575104701 -0.12955005512625914 nan nan -0.26916348116309674 nan -0.09429538554381856 -0.31529864464642443 0.1634195276683026 -0.09708696266996852 0.05226287897274145 -0.07051185470945907 0.024473646444958967 nan -0.15963798237427887 -0.18336926225973002 -0.39661165161226025 -0.030869849251988546 -0.1806442423024114 -0.2024809676835146 nan nan nan nan nan nan -0.22691386668039878 0.15852702890134154 -0.017407765595569783 0.2841832067731598 0.3763947981145784 -0.03671940368172628 -0.003381529618305382 0.1745235302161395 nan nan nan -0.02979438339429811 -0.2707801918567957 -0.06085806194501845 -0.057706181038111766 nan -0.44460752466223147
0.2108828698335556 -0.04413196554691367 0.41813941474012817 -0.015000805850058748 -0.2836574230109827 0.6383394231052886 0.03807638986099584 0.09408158600311244 -0.11612724017452117 -0.03307358639277879 -0.12168912509526938 0.2548087808589838 -0.15614410913698665 0.01625049831393624 0.5932872068683205 -0.011220448171603215 0.055746526263015385 -0.017467775204527056 0.15523424058557198 -0.6736818648649022 -0.69478498276315 -0.34490242554051376 0.21736137720604895 0.2124871333321621 -0.30653465610057895 -0.5144476089917838 -0.507490358953426 0.029110513842322494 0.0 0.008644958787358421 0.23688071421473836 0.07096374846265106 0.43298637728705064 0.207182654821905 0.0 -0.10000701748826851 -0.10337263207171969 nan 0.035296560400125875 -0.19780524223575652 0.0593273412234244 0.05995148747155734 -0.43463083316799056 -0.4492764359236787
0.06159494410801069 -0.14234325897466105 0.32357528258009505 0.025113996325562476 -0.23283665978689533 0.5531656866864759 0.12748456373812 -0.1298672816363176 -0.229781350517394 0.07537951512305154 -0.12224781077634561 0.15174537372876162 -0.23126656473161053 -0.07302291326616207 0.5907062233635856 -0.11819088151241447 -0.17588236082008998 -0.05749556475650447 0.1626669219726978 -0.5875169166531505 -0.572339999772553 -0.35783330553460857 0.20984970543217193 0.20552162710053407 -0.2649816455624739 -0.5108237309042207 -0.5124384500984622 0.02647016004499196 -0.1441956285845012 -0.14121565233753758 0.11053215494743153 -0.08454948858262692 0.161843272366942 0.2159802204914007 -0.1431936047727561 -0.19698328495564002 -0.19740018126315914 nan -0.03354272042636157 -0.20769410348533981 -0.001825456653028443 -0.00999088549217185 -0.4329066935520097 -0.4644863400480056
-0.04461393953432948 -0.0817894731149928 -0.517481639487626 -0.06502615878265189 -0.2500388766885632 -0.469168466631339 -0.13037646867950736 -0.2160971607129433 -0.3257965802143917 -0.517718438976953 0.02331982235027 -0.3213217208797087 -0.046859219364362104 -0.16065424585271063 -0.5548731032916456 -0.1724878723728207 -0.17442736432367895 0.028880179492894145 -0.5342659484899706 -0.44392354962744673 -0.4450265181068507 -0.25461015919552366 -0.3084654835088588 -0.30088194243219984 0.29330992074453943 -0.1251311846105756 -0.6517321933813637 -0.21649530554901825 -0.10724861933888533 -0.13728285418432584 0.35316612324503205 0.1827407529583184 -0.45956143203805294 -0.018496404936234234 -0.13183276071111677 -0.20470696141823855 -0.20518247184155264 nan -0.2236064864246131 -0.11094589726227676 -0.42652287157033847 -0.4067063393028866 0.09742655478803629 -0.32190180659226575
0.14959489751360305 0.032555205179550385 -0.3520885396042652 0.21301043163047786 -0.3994763819683207 0.5001360938907218 -0.10163230742508618 0.12048908381141543 0.293909227463339 -0.27908986385741724 0.17658704157706814 0.20145638950924802 0.2496728501174256 -0.17505016439388102 -0.3135163768213084 -0.14697026254654422 -0.16598343231055035 0.17883844639203086 0.40099498669296746 -0.7502307809367305 -0.7607893907366962 -0.20948096264519292 0.019495150209866644 0.03055868506663651 -0.10909610881120821 0.01027675410285787 -0.7118474750788109 0.19001605614533407 0.14551362545448032 0.10141851056742199 0.11315371118266888 0.00410812459265379 -0.5020853439878665 -0.4382955585128721 0.09416087749699274 0.05373894189997286 0.05906792817902911 nan -0.09129175030346054 -0.09893423811903539 -0.41529230102250836 -0.3860133242600396 0.2780580328629716 0.3620645040070414
0.2868977556035193 0.03809523809523809 -0.2407416860717261 0.22253100849336452 -0.13808664361048772 0.5984675715504327 0.19600813321349397 0.28533997060669125 0.46037816189308106 -0.11884044497136913 0.1594606340445259 0.19211437351733976 0.19107939934344625 0.22310977783678324 0.24833275087550782 0.05345442324942096 0.031405261660662376 0.20243549414801978 0.5351639030699734 -0.5846103200633809 -0.5840618370324704 0.20488226908653304 0.2579452056429425 0.2734751945579208 -0.13761891482044156 0.33739151955702085 -0.4766666503811355 0.20000923424983755 0.12767719885859308 0.03711125852058962 -0.1779429947429008 -0.04084185003067654 0.4206686093583913 -0.2098219729380265 0.11994644233189142 0.014838649072238638 0.01981187549742192 nan 0.18030943017803502 0.04386746901297965 0.41792498528236516 0.3940186140916039 -0.01377085174087444 0.37395596554329413
0.1631416329303032 0.34022765613190603 0.4000093517933193 0.1386940790930901 0.22792208143153941 0.4647150432064339 0.24143796324895692 0.11184619629587586 0.02376931428031648 0.27677599831510563 -0.24377823953345776 -0.06849310621124216 -0.004039600404313727 0.20190486201063673 0.5486004611898486 0.2390771772662065 0.19107288552325827 0.12917290309045315 0.2848532645875796 0.5574238689732041 0.5760981057349707 0.3404540486603483 0.08295717825692228 0.10043208233741138 0.060721876423287593 0.10766336777024137 0.8653344212637349 0.39779612647907747 0.240189898166752 0.25512601928122836 -0.2016056480984132 -0.19305364054430033 0.7745160786290568 0.3796171311675101 0.2696496829703909 0.42025285281649616 0.42025285281649616 nan 0.2932770295483046 0.36726891763350167 0.7074181517541002 0.689828997108559 -0.489362335543094 -0.2750220312876895
-0.035719981318454656 nan nan nan nan nan nan nan nan nan nan nan nan nan nan nan nan nan nan nan nan nan nan nan nan nan nan nan nan nan nan nan nan nan nan nan nan nan nan nan nan nan nan 0.22451940137362766
nan 0.08711590390649522 nan nan nan nan nan nan nan nan nan nan nan nan nan nan nan nan nan nan nan nan nan nan nan nan nan nan nan nan nan nan nan nan nan nan nan nan nan nan nan nan nan nan
0.035719981318454656 nan nan nan nan nan nan nan nan nan nan nan nan nan nan nan nan nan nan nan nan nan nan nan nan nan nan nan nan nan nan nan nan nan nan nan nan nan nan nan nan nan nan nan
nan nan nan nan nan 0.06500270850261593 nan nan nan 0.17435595774162693 nan nan nan nan -0.19451950503185494 0.01421338109037403 0.01421338109037403 0.024868236565099688 nan 0.015572553071705226 0.015572553071705226 nan 0.1403776419268438 0.1435481125130547 0.010015818705707027 0.14684175155588414 nan nan nan nan nan nan nan nan nan nan nan nan nan 0.024868236565099688 nan nan -0.15180282187201677 nan
nan nan nan nan nan nan nan nan nan nan nan nan nan nan nan nan nan nan nan nan nan nan nan nan nan nan nan nan nan nan nan nan nan nan nan nan nan nan nan nan nan nan nan nan
0.10809913758241115 0.11338032177325412 0.48486705906150557 0.04604824699962814 nan nan 0.06193235372853324 0.07346995693016746 -0.010669869562523929 0.2984378335728805 -0.2536386694529306 0.1302731322775389 -0.5961232008040082 0.14075184377677863 nan nan nan nan nan 0.7824607964359516 0.7927552661774738 0.2402040149456217 0.10099631184540928 0.0987656601815462 0.15031550880261466 0.3704065942799691 0.7428867483161877 nan nan -0.06715202582219729 nan nan 0.21482529541994938 nan -0.119241649110913 nan nan nan 0.10663143247031127 nan 0.25531605731076795 0.2345214281173511 nan nan
nan nan nan nan nan nan nan nan nan nan nan nan nan nan nan nan nan nan nan nan nan nan nan nan -0.34095454242464646 nan nan nan nan nan nan nan nan nan nan nan nan nan nan nan nan nan nan nan
-0.11825004392236194 nan 0.35812539555345496 -0.18068346743042077 0.2474885117842271 -0.34659191150403307 0.20940237533002928 -0.0789694794335072 -0.27899990330046176 0.28225822769008513 -0.13485526307187687 -0.19040709483386298 -0.24087845640942684 0.19963414243699265 0.48391016355277183 nan nan -0.11915109374689986 -0.35421263917303897 0.6655255556321102 0.6986204612433642 0.18208570425637663 -0.02304237349477668 -0.018410907012819923 0.03751444679412057 0.047577297808774774 0.8539177097780806 nan -0.13763574726681227 -0.06386663736585052 -0.10541673960138552 -0.024187300652626868 0.5944465034815808 0.48582574944709905 -0.05095651600732875 -0.05373894189997286 -0.05906792817902911 nan 0.2976990817237904 nan 0.7687007635237787 0.7157467861847162 -0.4187368462612045 -0.3366447193061411
0.30310520028161797 0.3479601028621766 0.6546821470324825 0.37308145140404236 0.6712968630116245 0.6581146503931333 0.5119574754029914 0.21643203951404388 0.24929558923977202 0.7054696310394795 0.06166630534171738 0.2687386508568593 0.1416813439087042 0.27741679285882637 0.7683046343898876 0.5330354288710096 0.5129751290491588 0.2612553110764356 0.7254954356011226 0.8588637599944468 0.8766695218549865 0.46273002005814656 0.29441850218846977 0.29316817900474623 0.2582812156293805 0.4932638098322719 0.8893141090472313 0.6473040558928596 0.27398815449659236 0.2877672670753225 0.5008660762804329 0.18459603659423224 0.8162267093021331 0.7941491039937904 0.28603877677367767 0.4544332072404845 0.4544332072404845 nan 0.3437226470619026 0.5597828463752399 0.7407614416171239 0.7266758187655078 0.13785274164258896 0.5666344969732225
0.03313408816338958 0.08886965687250348 -0.483755621802099 nan nan -0.7644358311314923 nan -0.13559934184113462 -0.16518873878733648 -0.03791490919337893 0.049690399499995326 -0.14118007019883516 0.13303271808706552 -0.03021285639434339 nan -0.20498889239652293 -0.18613367470589945 -0.338869496834943 -0.45726314773508175 nan nan nan nan nan nan nan nan -0.338869496834943 0.08266397845091496 0.08538740810987529 nan -0.11532337192101182 -0.34805687092658205 -0.02213732724737128 0.08437205738748232 nan nan nan -0.08685862970431092 -0.21737895985738162 -0.2621093258571673 -0.24359218803975669 nan nan
-0.08258636080503648 nan -0.483755621802099 nan nan -0.835382096925262 nan -0.07446808510638299 -0.1860150708950402 -0.05069858302108965 0.16744512333897385 -0.21654825675332415 0.09233054185330736 -0.0344163227142852 nan -0.35023697657071284 -0.2792273525973103 -0.42152957092728965 -0.027027148893081485 nan nan nan -0.07123641530615954 -0.0696630546019236 -0.09458651567009406 nan nan -0.47937941005963974 0.0793115538912532 0.08266397845091496 nan -0.049329759382120315 -0.34805687092658205 0.0754286322428119 0.08266397845091496 nan nan nan -0.09289361682775901 -0.5627654143866018 -0.27747296018022993 -0.25838088320203634 nan -0.532009942059862
0.08258636080503648 nan 0.483755621802099 nan nan 0.835382096925262 nan 0.06858022659924022 0.1860150708950402 0.05069858302108965 -0.16744512333897385 0.21654825675332415 -0.09233054185330736 0.0344163227142852 nan 0.35023697657071284 0.2792273525973103 0.42152957092728965 0.027027148893081485 nan nan nan nan nan nan nan nan 0.47937941005963974 -0.0803381317273391 -0.08266397845091496 nan 0.040636937476946584 0.34805687092658205 -0.09405790744085853 -0.08266397845091496 nan nan nan 0.09289361682775901 0.5627654143866018 0.27309698334522875 0.2540925805374394 nan 0.532009942059862
nan nan nan nan nan nan nan nan -0.04498677054212187 nan -0.10577717706958903 -0.048135986234123296 -0.024868236565099688 nan nan nan nan nan nan nan nan nan nan nan nan nan nan nan nan nan nan nan nan nan nan nan nan nan nan nan nan nan nan nan
-0.019718354679574984 nan 0.483755621802099 nan nan 0.6073829596644598 nan 0.10628856032287302 0.04289320272288886 0.026518949122814293 -0.16000979356548456 0.023059568502832473 -0.16870480255809736 0.026914071266059887 nan 0.032760224712787354 -0.26697386334929474 -0.10422288366726858 0.41805342547464297 nan nan nan nan nan nan nan nan -0.12067659062261797 -0.08136778734637401 -0.08470542899485811 nan -0.04028380852579118 0.34805687092658205 0.07893878485283795 -0.08368260799298824 nan nan nan 0.08386716944689714 -0.5345373686770208 0.2464944090053283 0.2291504470950747 nan -0.532009942059862
nan nan nan nan nan nan nan nan nan nan nan nan nan nan nan -0.20498889239652293 -0.4313476856165147 -0.16463819352454365 nan nan nan nan nan nan nan nan nan -0.5117410026826296 nan nan nan -0.12222222222222222 nan -0.0832668098937455 nan nan nan nan nan -0.43778907296164216 nan nan nan -0.5905169916779004
-0.06401627172408174 -0.34615384615384615 -0.1343709624716425 nan -0.0317152394271111 nan nan 0.047745526055942275 0.16130842558051733 -0.06751239302526264 -0.11959635990818995 0.12002779913059711 -0.2447658631579792 -0.15234795111814994 -0.08964214570007953 -0.04873964911611038 0.32462711656403015 0.16599106315563658 0.06602382239166704 nan nan 0.041763453479227844 nan nan 0.3651620055120522 0.13775965815327643 nan 0.1477690696216685 0.03253000243161777 -0.32858195582672406 -0.06215524949467767 -0.02811492250339567 -0.03181928841234673 0.048540618908593965 -0.32157007122081627 -0.4173165315184137 -0.4173165315184137 nan 0.047351372381037836 0.5378977008767395 -0.021970506083620243 -0.03182764208372056 0.08563858437037658 -0.12875926129184284
-0.16441532145289744 1.0 0.26170575463335727 -0.11274802126502512 -0.4365344025374275 0.18023813422445187 0.02792027958893529 -0.15942648487140337 0.06354601920386027 -0.281233970054927 -0.05639723793162234 0.1095080149111477 0.02120154579038302 -0.1016675379243297 -0.44681762806382475 0.05532987734116801 0.1050865678770408 0.12841142200980807 -0.5201972601119903 -0.11808316928143447 -0.1529281029829662 -0.08884804389050478 0.031091589696971587 0.03449406921622638 -0.1201648977352181 -0.28778086506244155 -0.5327334365053612 0.18665880724931336 -0.07456716328643118 -0.1895452963142022 -0.17030507029047323 -0.040282274298525184 -0.07789970418556388 0.19129417378749378 -0.19293444275823507 nan nan nan -0.12232801840495588 0.18063627967991855 0.21124646325486884 0.18984908355491092 -0.19778046487922915 0.3803000364190531
-0.1951514942410456 1.0 0.1797136109772697 -0.3225578060116824 -0.23168753673372675 0.15403266531725585 -0.03258875138115912 -0.1326138487793946 0.11679302957955025 -0.3150633914162098 -0.05639723793162234 -0.0031582923471154788 -0.09915535647658273 -0.015366605926784377 -0.14836636618975407 0.053688252401859066 0.05616351943434218 0.17363566248642123 -0.08748074489035193 -0.6479175232991904 -0.6850330774352215 -0.15209888079870118 0.32187355642426935 0.31248749070615084 -0.09690850894064389 -0.2991853156513827 -0.7202583820782339 0.1905152393238708 -0.07456716328643118 -0.19152125005219886 0.044756753132241985 0.22150756757214116 -0.034961105580458875 -0.2783778535170636 -0.19293444275823507 nan nan nan 0.057333152626758345 -0.018150986733942946 0.1893660195173924 0.16720930665126535 -0.08621523054176548 0.4455074164319045
-0.1126025660320895 -0.14374722712498647 -0.38962683281071125 -0.18830814632772302 -0.3022573857224396 -0.34720511593216885 -0.08841123179655373 0.03879708379840866 0.06686535176007063 -0.4796215311065609 0.0781357928973156 0.19817513837199519 0.0008717286023073959 -0.14679516868351472 -0.42306015432783806 0.0 0.19646484729741526 0.046583043707946005 -0.46804236257693477 -0.6040177259204899 -0.6327809880421263 -0.1964050119173893 0.29884463052607607 0.2980418381744178 0.31147760781942074 -0.04705497521444 -0.66399498192087 0.08359800976407353 0.1413712571545882 0.1400110630395874 0.09908347344238921 0.20030073587569433 -0.4393820930706884 -0.3753187007630992 0.09926214037714626 -0.06569203128477832 -0.06460866072536435 nan -0.08085687202916902 0.07557899817285518 -0.292334630587596 -0.267116027153502 0.4929662696531508 0.37194736425516745
-0.04120977570959453 0.13718766178288244 -0.3892382098036586 -0.18906005501172252 -0.3030570986905801 -0.34814599750002734 -0.09378719314551888 -0.007809572503764233 -0.06799866280685149 -0.28635978976853416 0.036806112007040585 0.08681952214436947 0.22168166627148433 0.006235645308723592 -0.4328332461308734 0.012557523558976215 0.021845792244698462 0.0008788255601494788 -0.47351870220726083 -0.591227689031851 -0.6191239306657679 -0.190521158159487 0.3393733370516318 0.34409938976695487 0.28095262810392563 -0.06706109059226897 -0.6543199703846145 -0.06587257005209422 0.1504313621621516 0.14811241444125764 0.0862074962096388 0.13749602158471047 -0.394789214803518 -0.3843250072328096 0.14234705907310644 0.21152895796604407 0.2117731394905161 nan -0.054896462806096766 -0.06933669115947001 -0.277075880890134 -0.25082510551265674 0.4613766642619703 0.3949230976926119
0.2778759952300791 0.13564927918090444 0.5559345377775872 0.24879783202032454 0.2882814083816899 0.6207472634017169 0.3753617485303168 0.0939120461844463 0.37274081495205597 0.3998057718718943 -0.030476479792977726 0.21838525392582395 0.10932607756185055 0.10199074704265264 -0.18250688458050626 0.19325116391953262 0.1805104879204462 0.23934376751545333 0.4845245015129068 0.5688300898355441 0.5968343957679191 0.24301642861819836 -0.06673353063605847 -0.06070107252158745 -0.27496169505989365 0.33566040095812966 0.6222977411161432 0.24804240790428422 0.021997067253202992 0.012920583091954823 -0.04408356128893791 -0.2617660635572227 0.4369307707873804 0.1844571903642866 0.13326337512854175 0.21246103236518882 0.2138836094815601 nan 0.16076586776878743 0.23203346621198892 0.3784678102842693 0.35717873736740735 -0.32348359116064046 0.3997001623683021
nan nan nan nan nan nan nan nan nan nan nan nan nan nan nan nan nan nan nan nan nan nan nan nan nan nan nan nan nan nan nan nan nan nan nan nan nan nan nan nan nan nan nan nan
0.26527582328188737 0.14030003712904013 0.46817334478181727 0.25685332719147497 0.3499238405821683 0.6184933746041624 0.4276079493616227 0.056392541129901455 0.3033892421077284 0.2157584507726023 0.03792003931551715 0.1510771323347146 0.16414982401385167 0.179870669503718 0.26287557530313066 0.1902644950548928 0.15736207804004496 0.2295764088430758 0.5447951220852443 0.6320953676202605 0.661838341713753 0.22852015547153545 0.003287077080238244 0.009345861073136404 -0.242150295244655 0.23692709163012557 0.597280066320809 0.25307303077510296 0.14241625063800034 0.1376336585219023 -0.1282374001837435 -0.20694769324105183 0.4863409188029212 -0.11964431097208683 0.14376541415166555 0.20326099261266614 0.2032840263248612 nan 0.241152569387794 0.21539844966264515 0.41409730855151033 0.3935249482900643 -0.3210430092844344 0.47761514353709805
nan nan nan nan nan nan nan nan nan nan nan nan nan nan nan nan nan nan nan nan nan nan nan nan nan nan nan nan nan nan nan nan nan nan nan nan nan nan nan nan nan nan nan nan
0.12257530417699167 0.3453883004040013 0.4030976006898895 0.25946190225812393 0.2949721827388346 0.3359606903949894 0.09211424037758252 -0.03735900234398607 0.03496271222107944 0.6333213461421988 0.12027979087566683 -0.1531151027496142 0.06213930273869265 0.23551230555440164 -0.2726702678508283 0.163438170603873 0.16275839968327907 0.2999229550318601 0.8135579638471817 0.6560887739847101 0.6924140272598535 0.1929052472633566 -0.32082353723061846 -0.32010562170177703 -0.328131524064026 0.03108349360801046 0.8368863424912375 0.30372991517871767 0.2910344568941078 0.27650502066875104 0.05755115693951635 -0.0341605576445887 0.8287926089886639 -0.10419308554358869 0.2935991590595351 0.4584321563527408 0.4584321563527408 nan 0.3390674935517458 0.3763171480334966 0.6576276811060537 0.6363572267391999 -0.21153606478335663 nan
-0.19995414903079575 -0.09757396520100903 -0.17079139468947413 -0.04998904054143421 0.2881102998265093 -0.4678516910302256 0.35282890315530646 -0.00781998687393962 0.06585293350295608 0.30482072548881345 0.01685335080689651 -0.1555299865406491 0.031187738559814073 -0.04529469476191744 -0.5683200332386245 -0.20251116143409295 -0.16507664596502497 -0.21994977825373832 0.4013250422574291 -0.4690198253551826 -0.4676874031139644 0.2517225956860088 -0.11654182375390137 -0.1018792567914601 -0.13869663277958033 0.37982496039285757 0.5752223345958373 -0.2533607773498856 -0.008713974259490576 -0.13552211636523176 0.1417162357004326 -0.10941750680744078 -0.14543481643789125 0.3587985384049136 -0.13105560849915568 0.09854636918231405 0.09871109828126878 nan -0.05804347691676259 -0.23685919300661035 -0.12733919095318497 -0.11356497169815347 0.03363121545800191 -0.08805093305894539
0.11685594207123222 0.13161496062917777 0.40808203004983 0.20739033894608505 0.32929178914971513 0.6400444454666476 -0.12621556413432714 -0.0501498680873679 0.1413092137575928 0.49558645526506756 -0.10663302941332563 -0.08373248879157189 0.04237058365076789 0.12100451377943522 0.4209361727150979 0.1369209152247772 0.16350746811413283 0.2314664748936726 0.5286097411498681 0.5553264432467493 0.5833944489544788 0.21026813794217505 -0.19171667572620915 -0.18947250788431816 0.216809490022664 0.032321928554430834 0.7254033771174231 0.23470208573226206 0.033584695468662724 0.12052309119380185 0.03556194754411581 -0.16052845682053765 0.45410485530166544 0.3184854677407416 0.12109228565802732 0.1959086671393033 0.19543233849594915 nan 0.16503976028890038 0.1538993127824632 0.39584739066356955 0.37722291281279835 -0.3446621806218639 0.3826047463865908