S41,S109,S100,S101,S102,S106,S107,S108,S122,S124,S126
-0.13363292169771254 -0.4065804611510923 -0.9710256385437346 0.07700963603170054 -0.12056396306804278 0.058203529675618905
0.7525899497187819 0.4447668226248622 0.9714447113393767 0.16096109832374828 0.29278998086582075 0.34600574630704695
-0.867591593506143 -0.5775082438005035 -0.9731367864500083 -0.45157542871851764 -0.4752332455959749 -0.4875077004683882
0.7830980982339416 0.05945460793311866 -0.9763899157434954 -0.371074298963243 -0.3952595383268124 -0.4438322455003861
0.8282553286844994 -0.05188763174416264 0.9652554822954196 -0.011482132408436067 0.5239883378907486 0.44329502034107204
nan nan nan nan nan nan
0.7622893698396551 0.18458044559149606 0.934259025773764 0.05584558976580277 0.5384721848480682 0.4587303295446562
nan nan nan nan nan nan
0.8552219366778911 0.3079245006946415 0.9343953495731273 nan 0.4914222101573709 0.41214428168131667
-0.4123988368142394 -0.2483530323752528 0.9590320592884148 -0.06499841989847586 0.1319253588588191 0.20777375668926495
0.8950050761045402 0.40562938858655245 0.9693160730845897 0.059596468051360166 0.4821710616122795 0.5139131943765607
-0.001769827882115559 -0.42417596587759226 -0.6793008421230846 0.061243493224498985 -0.08097662384935696 0.06745635651793587
0.7482626056243964 0.38256388052231727 0.6912132357478808 0.17503341767606542 0.5296080437864332 0.4418823288563479
-0.8356875259000571 -0.5597238910177397 -0.6821563703287723 -0.1760931546952509 -0.5363219397398817 -0.47791485044006593
0.7558181463828638 0.062443592691425825 -0.6927129083828185 -0.17555606585127898 -0.5537513872985319 -0.4804715262160473
0.835902644149399 0.30498018968534507 0.6776408254294004 0.010516753595350726 0.5295795852679129 0.4803475838244099
nan nan nan nan nan nan
0.771317269544827 0.13919232418576646 0.6746511336351237 0.00698955849568779 0.5277445798715606 0.47832939087502174
nan nan nan nan nan nan
0.856202904664344 0.2797918397628731 0.8147257271219279 nan 0.5343655286438067 0.5093500883630532
-0.4875767163928202 0.3473658676590262 0.6556778682719406 -0.0017461811628649124 0.1353249917128103 0.09255367765915606
0.8435901378416271 0.3319094117119135 0.6809708881217107 0.02115463798207892 0.5608391270957289 0.49043237400776857
-0.0014922588996512515 -0.36698820227150936 -0.5963572546439259 0.05284260598723557 -0.07030925886177603 0.059136669131258125
0.6206599623890043 0.32842536524917154 0.6190114482958398 0.15077280653594388 0.46373451699864715 0.3832284534040836
-0.698517032892031 -0.4837248521881436 -0.6003617727190332 -0.15452425680385323 -0.47774657068770526 -0.4184003149250868
0.62866086805346 0.05431732450004811 -0.6184565298084197 -0.15323083915482255 -0.5027002896631718 -0.4201837010966745
0.6948184517827795 0.2614008268943138 0.5873286777913849 0.009073221468483205 0.45596596115675947 0.4189922515308015
nan nan nan nan nan nan
0.6409266280794819 0.11916698623254265 0.5833367983920589 0.0060118097764227775 0.4565835824769455 0.41953707294031506
nan nan nan nan nan nan
0.7966784497037217 0.27532747471400715 0.7774116876139919 nan 0.47655279928001915 0.4772125984249583
-0.40720900000509447 0.29889258803137025 0.5676742351009008 -0.0014962081765396863 0.11725519295953134 0.08069639614579767
0.7249286356967042 0.29046454281537826 0.5993504538902965 0.018618641938552165 0.5099748101081478 0.44394379454524624