S41,S109,S100,S101,S102,S106,S107,S108,S122,S124,S126,S112,S113,S114,S115,S123,S127,S201,S202,S203,S73,P1,P2,S10,S25,S33,S35,S37,S39,S40,S41,S46,S47,S5,S53,S6,S64,S7,S70,S8,S9
-0.23865304670681217 -0.008995082795601614 -0.08616196818999643 -0.3258498647544833
0.44972389249114114 0.47585243241316855 0.5696881971052091 0.6418366042302456
-0.5358864658820691 -0.4033003251607151 -0.7127084983251023 -0.5898126008315644
nan nan nan nan
0.41152933537773123 -0.04240496029348797 0.48183568952477696 0.6064496022063942
nan nan nan nan
nan nan nan nan
nan nan nan nan
0.44388961023852236 0.08681119677271186 0.4708883596024078 0.6005389357159227
nan nan nan nan
0.47579344659125355 0.1709193956748612 0.6102550402154095 0.6979456619092921
nan 0.061932353728532646 0.4571935720084949 0.5455149395989716
nan nan nan nan
nan nan nan nan
nan nan nan nan
nan nan nan nan
nan nan nan nan
-0.29513550262992544 0.05873511257465669 -0.3245450368690575 -0.4204662338034801
nan nan nan nan
nan nan nan nan
0.6480867279083059 0.5922000257033205 0.6820261506664014 0.7631047799065525
nan nan nan nan
nan nan nan nan
0.5046185956568938 -0.4060647949741558 0.3778371532976153 0.35080417731795926
nan nan nan nan
nan nan nan nan
nan nan nan nan
nan nan nan nan
0.5681166059148113 -0.43529914121441643 0.3276879308350387 0.2915220134314496
0.20785949470238782 -0.09195389562417006 -0.26528459022129486 -0.3926653567280319
-0.23865304670681217 -0.008995082795601614 -0.08616196818999643 -0.3258498647544833
nan nan nan nan
nan nan nan nan
0.08517388543384265 -0.10835904657461543 0.43329245732945737 0.47990847328101316
nan nan nan nan
nan nan nan nan
nan nan nan nan
nan nan nan nan
nan nan nan nan
nan nan nan nan
nan nan nan nan
-0.24762278576869076 -0.041116050178578445 -0.09946456062725516 -0.33200342736528426
0.3840660952059715 0.3046851583062692 0.5954311635990953 0.6847415332603578
-0.39932638593669123 -0.14841845877798432 -0.7580427804404261 -0.618711367696714
nan nan nan nan
0.17339974588565715 -0.10079635271239641 0.42385723539207215 0.593156310709472
nan nan nan nan
nan nan nan nan
nan nan nan nan
0.15583272609953325 -0.09870985497499711 0.4931694641006956 0.604222506369342
nan nan nan nan
0.2909090166144653 -0.049724846965864884 0.5531214805175146 0.6617149957228696
nan 0.06193235372853323 0.46501638421848673 0.5548426505527213
nan nan nan nan
nan nan nan nan
nan nan nan nan
nan nan nan nan
nan nan nan nan
-0.2954289270906584 0.04580689092587341 -0.32286903255985244 -0.43520764553497643
nan nan nan nan
nan nan nan nan
0.6480867279083056 0.5829326973393826 0.6769022938432288 0.7615564357648604
nan nan nan nan
nan nan nan nan
0.487716076427812 -0.35927846853180684 0.28984809984359133 0.2770469544121601
nan nan nan nan
nan nan nan nan
nan nan nan nan
nan nan nan nan
0.584429195110366 -0.3502196699263376 0.2078378818652445 0.18499305020720422
0.08478977471665185 0.03958738439647981 -0.21310585096993706 -0.3553174812801147
-0.24762278576869076 -0.041116050178578445 -0.09946456062725516 -0.33200342736528426
nan nan nan nan
nan nan nan nan
0.1656467875080483 -0.13176366855354213 0.43579854785445526 0.4812663048602021
nan nan nan nan
nan nan nan nan
nan nan nan nan
nan nan nan nan
nan nan nan nan
nan nan nan nan
nan nan nan nan
-0.21292898957260295 -0.03442231469088872 -0.08377511183202793 -0.27806789909847446
0.317797718410332 0.26231939779314056 0.4911946263255656 0.5643848826028298
-0.33800012017784187 -0.13264644514602167 -0.6299307089111774 -0.5146842056547697
nan nan nan nan
0.14499638063428272 -0.08566903568896005 0.35038447909774134 0.49005677643603635
nan nan nan nan
nan nan nan nan
nan nan nan nan
0.13387934339080762 -0.08181359476025721 0.42118714741488605 0.5243391392559524
nan nan nan nan
0.25377833429207747 -0.04597103656413973 0.4732070305200086 0.5657938115552164
nan 0.06193235372853324 0.4589024881933402 0.5475615506893302
nan nan nan nan
nan nan nan nan
nan nan nan nan
nan nan nan nan
nan nan nan nan
-0.2893306998088139 0.041854210635871164 -0.2922476751237302 -0.4004097638727975
nan nan nan nan
nan nan nan nan
0.6480867279083057 0.5802905412379374 0.6350745715892616 0.7130064839816691
nan nan nan nan
nan nan nan nan
0.42245166865607364 -0.32795224980042725 0.24858873060524694 0.2389446220862278
nan nan nan nan
nan nan nan nan
nan nan nan nan
nan nan nan nan
0.4998104103428754 -0.3072479607999109 0.174771555409613 0.15574296393348594
0.07086562927657873 0.033867839049585326 -0.17615795866611159 -0.29360796193945077
-0.21292898957260295 -0.03442231469088872 -0.08377511183202793 -0.27806789909847446
nan nan nan nan
nan nan nan nan
0.15158312582367867 -0.12751501598818143 0.39308523574252774 0.43343998715873616
nan nan nan nan
nan nan nan nan
nan nan nan nan
nan nan nan nan
nan nan nan nan
nan nan nan nan
nan nan nan nan