P1, P2, S10, S25, S33, S35, S37, S39, S40, S41, S46, S47, S5, S53, S55, S6, S64, S7, S70, S8, S9, S130, S171, S172, S173, S174, S179, S183, S204, S205, S206, S157, S158, S159, S163, S164, S165, S178, S180, S167
nan nan nan nan nan nan nan nan nan nan nan nan nan 0.047750880295069194 -0.1943826008444708
nan nan nan nan nan nan nan nan nan nan nan nan nan -0.16451559428067308 nan
-0.5654798754987312 -0.5655845262086435 0.4867845120499569 0.2450763569422962 nan nan nan nan nan nan nan nan nan 0.12881011080418892 0.7660624323844405
nan nan nan nan nan nan nan nan nan nan nan nan nan nan nan
nan nan nan nan nan nan nan nan nan nan nan nan nan 0.04421475585544952 0.05462956477975775
nan nan nan nan nan nan nan nan nan nan nan nan nan 0.04498677054212183 0.1880854847011169
nan nan 0.3742201820467611 nan -0.05864359030804193 -0.06836210698977811 -0.0689895688021302 -0.05920596989664475 nan nan nan nan -0.03325564319330692 0.04111599446346584 0.0671575898891282
-0.5055334620839395 -0.5064554576431196 0.15693710109534287 0.22626523338719626 -0.14696100787754235 -0.1470937810940789 -0.092425754598437 -0.13400722299524984 0.11369563780478062 0.04456994453623194 -0.02400253243026206 -0.1729598117385662 -0.003070781709512048 -0.09257477448718131 0.07042910103300387
-0.4066259666902007 -0.40813014362898165 0.08519525304548424 0.22764550853745416 -0.14365694382037933 -0.14195475638097324 -0.08532438807199932 -0.09423592266265975 0.12698526159314918 0.057988271616003915 -0.01127791486564187 -0.15973969593466109 -0.006291460428209871 -0.08708115556675876 -0.21911588284314665
-0.6814924970493805 -0.708762293765551 -0.1967669621497828 -0.24209411489550559 0.14421579964795234 0.14773569732637684 0.08200520158789402 -0.026265513454974188 0.10718310863642043 0.05216933570344606 -0.01429928462841097 -0.16060610272117198 -0.04334693336332464 0.036457809756790076 0.016898756309897067
-0.8609409801648019 -0.860804233249554 -0.13995239646687632 -0.2923151116971127 -0.1364540382588237 -0.13776314401980522 -0.03435890277555883 0.09002978961384493 0.12177938681359493 0.06889216452332061 0.015026526257650821 -0.13489972560602145 -0.01933599689192393 0.010732497030995429 0.05889541273017859
0.16255858950729746 0.19108208661161186 0.45775433943836136 0.30575421024953964 -0.13566427940574674 -0.13582770876282127 -0.03608703506447448 0.10067789150012796 0.11624420744692397 0.0631538114940117 0.008738573513651173 -0.143781048677556 -0.01708313452419652 0.017801686109574305 0.09903983911805789
0.9680147762782824 0.9727406149232841 0.7506430013586463 0.4779625858922474 0.05398376173572085 0.023756610701771524 0.07938124695127788 0.09784104703571692 0.6549914576597389 0.6549914576597384 0.654991457659739 0.7756673073499476 -0.0455810422288295 0.025131234497501726 0.8633120182438642
nan nan nan nan -0.22410312323017156 -0.20606595366727096 -0.20096091022051793 -0.16550927958322384 -0.16550186952202117 -0.1655018695220212 -0.16550186952202123 -0.17779905457576603 -0.28603877677367784 0.021773242158072664 0.1880854847011169
nan nan nan nan nan nan nan nan nan nan nan nan nan 0.047376624086904344 0.05462956477975775
nan nan nan nan nan nan nan nan nan nan nan nan nan -0.09283305062831738 -0.48863765663510134
nan nan nan 0.06463596124937736 nan nan nan nan nan nan nan nan nan nan nan
nan nan nan nan -0.22060285604268945 -0.2024247759553635 -0.197422680412371 -0.16241294304462037 -0.1505830634855486 -0.15058306348554826 -0.15929846832846356 -0.17123833210463876 -0.28603877677367784 nan 0.05462956477975775
nan nan -0.04272316477592318 nan nan nan nan nan nan nan nan nan nan 0.05157835770520022 0.034927839927374936
nan nan nan nan nan nan nan nan nan nan nan nan nan 0.09423588493801206 0.2708167117458575
0.9103871691048046 0.9106126269328573 0.3584361603308343 0.44695265093601594 0.1689458970929796 0.16215686244504893 0.09774937805548362 nan -0.02871889727854018 0.004279397371925291 0.02722203081174207 0.13260308593947745 0.05405146387790266 -0.06212914315294465 0.17646827061550313
0.8828116024328952 0.9013097533328499 0.6394920531629147 0.3227228434887431 0.22097942940944687 0.17345077639006368 0.16897064035978554 0.12559941927972834 0.7421162427067777 0.7421162427067773 0.7421162427067778 0.979803978004146 nan 0.043386091563731244 0.8204505826532464
nan nan 0.18637292919720405 nan nan nan nan nan nan nan nan nan nan 0.06040404496926223 0.17898949653140328
0.11381803659589922 0.11381803659589929 0.09259179407344913 nan 0.39374707894741173 0.3355324211208847 0.3355324211208847 0.3937470789474116 nan nan nan nan 1.0 -0.09901475429766741 0.1432992857023536
nan nan -0.09259179407344903 nan nan nan nan nan nan nan nan nan nan 0.09901475429766736 -0.08610431739520341
nan nan nan nan nan nan nan nan nan nan nan nan nan 1.0 nan
nan nan -0.010803880214250815 nan nan nan nan nan nan nan nan nan nan -0.005637718482341442 -0.08610431739520363
nan nan nan nan nan nan nan nan nan nan nan nan nan nan nan
-0.10918028669092726 -0.16177391291029106 -0.3776005655424651 0.26017745423548144 nan nan nan nan nan nan nan nan nan -0.0072943833346433605 -0.3836638784728388
-0.871023778885692 -0.8786000835534578 -0.34156736461534726 0.2245653724311241 -0.5083671107554 -0.5611266617969835 -0.5355650769304618 -0.43791602354401393 -0.3705526699638014 -0.37055266996380243 -0.8917357410215969 -0.9695726906898735 -1.000000000000004 0.0034201954397434756 -0.3831412308760265
-0.835352697562064 -0.8438977510736984 -0.417196301259931 -0.23927742151341486 -0.5083671107554 -0.5611266617969835 -0.5355650769304618 -0.43791602354401393 -0.3705526699638014 -0.37055266996380243 -0.8917357410215969 -0.9695726906898735 -1.000000000000004 -0.01430526387299045 -0.3864605311636384
-0.8997217221133225 -0.9086737688082671 -0.7853794964211998 -0.6998395024228177 -0.2043162344247356 -0.2010685021355682 -0.13031403864363783 -0.02074349534112553 -0.013587341099687268 -0.06379326595460663 -0.10695179996866068 -0.20590749711434153 0.07671525588585865 0.06356564556367397 -0.45331962394879005
-0.8949524633593661 -0.904320366058882 0.06049951510158713 -0.6515524530160426 -0.19611607150993993 -0.19615911117901327 -0.11530156802845393 0.017456421423354573 -0.02619885140235805 -0.07395410125365438 -0.1120125552132208 -0.20419590712142774 0.08478839641446807 0.040720739959509755 0.6059399905078329
0.8182986490068827 0.8465427283000553 0.1664657844163827 0.6745925159199173 0.3034016096083689 0.26574594823699316 0.25676937773178243 0.10438251365639642 0.17720405437332665 0.1598706640574269 0.15198130011442007 0.14955976443101057 -0.10346136044136031 -0.06130149080924188 0.29013458542629644
nan nan nan nan nan nan nan nan nan nan nan nan nan nan nan
0.8241253351593741 0.8312032353270862 0.31103516864374814 0.5697241310670466 0.04042504248429023 -0.015235059182360896 0.08103983913289642 0.08739946885561199 0.13116870031958205 0.09255159658704679 0.06198353140862076 -0.003941310712458006 -0.06030327053370746 -0.06083385188186645 0.38379203343716667
nan nan nan nan nan nan nan nan nan nan nan nan nan nan nan
0.9118812795957749 0.9136429965657066 0.642126863651186 0.9717484134443244 0.7341267896190844 0.8031220535437049 0.7396907216494841 0.6564625850340131 0.8382867282418769 0.8382867282418769 0.8382867282418769 0.979803978004146 -0.01749635530559414 -0.06428919801817384 0.8325855790145519
-0.1713798072991474 -0.17135156337240084 0.069064016718959 -0.2597911802949524 0.22114455874183697 0.20182454407381514 0.12825488241154476 -0.01539917692596137 -0.10934997402437308 -0.05112795779848082 0.003229253588912013 0.11972589789375084 0.0804889728484666 -0.01883831469415791 0.10352089083936647
nan nan nan nan nan nan nan nan nan nan nan nan nan nan nan
nan nan nan nan nan nan nan nan nan nan nan nan nan 0.04808376225682725 -0.20331762315035662
nan nan nan nan nan nan nan nan nan nan nan nan nan -0.1633794881337836 nan
-0.5808034058789958 -0.5815707471858449 0.2682898130097224 0.2612015056136939 nan nan nan nan nan nan nan nan nan 0.12384636800787313 0.7609548094053414
nan nan nan nan nan nan nan nan nan nan nan nan nan nan nan
nan nan nan nan nan nan nan nan nan nan nan nan nan 0.044907442724199394 0.05462956477975741
nan nan nan nan nan nan nan nan nan nan nan nan nan 0.044986770542121864 0.1905677390081394
nan nan 0.43596056230443847 nan 0.019705709499837003 0.04377683881761579 -0.018265679692279387 0.0012443866622920356 nan nan nan nan -0.08697651090228338 0.025763243022183458 0.2104903737428734
-0.528912761351395 -0.5294898406019125 0.03871953266947315 0.25381981983605095 -0.10062338048875258 -0.12352791065306527 -0.07183708153773044 -0.1444623413657862 0.1141498758843414 0.04443782453361279 -0.025268861689152603 -0.17167702629671913 0.0017163759090809182 -0.1109489517486779 0.25560381169765295
-0.45258573291281157 -0.45343436797694864 -0.03242130813473015 0.25693204793444757 -0.0879731274750835 -0.08475111454994098 -0.03069612640409259 -0.09339468210373857 0.12808512067253613 0.05837876228567809 -0.011326627922982044 -0.15771347053827026 0.0017157954742024377 -0.09356252320930161 -0.13596221622260427
-0.643617236045788 -0.675387331330927 -0.11446155353511639 -0.3064146781017365 0.13514548113158334 0.12541976646575292 0.046325280353588516 -0.007006503110431955 0.06974260793060866 0.0 -0.0697697054552384 -0.19721239199814494 -0.0240489114511937 0.08520249823524748 -0.12372817500292127
-0.8525152817417307 -0.8534370311903609 -0.13909051416136245 -0.30309582463422513 -0.08380965004825085 -0.09519232776668796 0.053311517289321216 0.11313137588411039 0.11843111210349647 0.05573602263509333 -0.013935670450917136 -0.16050878428028836 -0.030887559830576398 0.0034752402342845797 -0.18497448116578544
0.4513819031926389 0.48119877800586625 0.36640816197085363 0.3417702657579804 -0.0871420388014826 -0.09708267519056436 0.05162103683203455 0.11323549441989349 0.10884546653223207 0.049635123114511855 -0.01828843571147429 -0.16481551951772347 -0.012012774461178367 -0.00520983978412882 0.059009707157848444
0.9575058726694475 0.9623046099029678 0.7201506764542778 0.4745428596776157 0.058698526538610754 0.021827579214614826 0.09301330755381602 0.14064355645787607 0.6846738207659835 0.6846738207659835 0.6846738207659835 0.8035730854180269 -0.05844355920216254 0.0560702328148044 0.9077379683561193
nan nan nan nan -0.22348390310054758 -0.21655230827992275 -0.21052796821257277 -0.17786790472512573 -0.1829320021659661 -0.1829320021659661 -0.1829320021659661 -0.20025374601868967 -0.28603877677367767 0.022814715312643046 0.1905677390081394
nan nan nan nan nan nan nan nan nan nan nan nan nan 0.04803748336039064 0.05462956477975741
nan nan nan nan nan nan nan nan nan nan nan nan nan -0.09290268613398156 -0.3748947785582258
nan nan nan 0.06724098350157405 nan nan nan nan nan nan nan nan nan nan nan
nan nan nan nan -0.22060285604268934 -0.21309944500613365 -0.20710186800869876 -0.17484588772488877 -0.16777767547701256 -0.16777767547701256 -0.17823520825540184 -0.19549781124838797 -0.28603877677367767 nan 0.05462956477975741
nan nan -0.11851875185509055 nan nan nan nan nan nan nan nan nan nan 0.09170484278841234 -0.12586394326551825
nan nan nan nan nan nan nan nan nan nan nan nan nan 0.09435879008983546 0.2725137015717741
0.8802278679844803 0.8817696128161017 0.30262759191868027 0.42874570048317534 0.16473019713334364 0.1621435998938708 0.09774937805548353 nan -0.09077763370195206 -0.037758282871340525 0.0017672310142557433 0.1390013785503907 0.05665845957575226 0.010940702667347943 0.2122297477694364
0.8829163232355048 0.9014314200598306 0.6394920531629144 0.32114412565744704 0.40280742646073897 0.33115528282954637 0.31494446251775393 0.24616009394822935 0.7991965112707773 0.7991965112707773 0.7991965112707773 0.9997959183652217 nan 0.08568615535455949 0.9079550396734701
nan nan 0.18637292919720427 nan nan nan nan nan nan nan nan nan nan 0.060404044969262195 0.17898949653140314
0.11381803659589922 0.11381803659589922 0.09259179407344914 nan 0.39374707894741173 0.33553242112088477 0.33553242112088477 0.39374707894741173 nan nan nan nan 1.0 -0.09901475429766743 0.12392591406318235
nan nan -0.09259179407344914 nan nan nan nan nan nan nan nan nan nan 0.09901475429766743 -0.08610431739520354
nan nan nan nan nan nan nan nan nan nan nan nan nan 1.0 nan
nan nan -0.05545661801476109 nan nan nan nan nan nan nan nan nan nan -0.0074829443399277 -0.08610431739520354
nan nan nan nan nan nan nan nan nan nan nan nan nan nan nan
-0.0838399851246297 -0.16177391290956533 -0.4144938373195647 0.26017745423519634 nan nan nan nan nan nan nan nan nan 0.010150871680717483 -0.8282592564886694
-0.8642095092761275 -0.8694365517825545 -0.33734659504477316 0.24212999573838265 -0.6202999465454512 -0.6695047722136351 -0.6274783225294971 -0.5345006161510685 -0.6712753241865594 -0.6712753241865594 -0.8919380356581474 -0.9998469270598477 -1.0 -0.007461516140189934 -0.7437519869561079
-0.8398322335362578 -0.8461642496284921 -0.40455802569364924 -0.2272465217984572 -0.6202999465454512 -0.6695047722136351 -0.6274783225294971 -0.5345006161510685 -0.6712753241865594 -0.6712753241865594 -0.8919380356581474 -0.9998469270598477 -1.0 -0.1360318220458623 -0.7705272182031337
-0.8713128466910531 -0.8746624897488587 -0.6630277911358348 -0.589848133257014 -0.2142446458263193 -0.25002959898191823 -0.19889770270290966 -0.09197621546608421 0.0107035714871958 -0.04236097483529658 -0.09327544650210999 -0.2036810198358716 0.001814317093554305 0.09202127079589845 -0.4185868029660616
-0.8662630990104679 -0.8714156212639567 -0.11195481048228488 -0.5885531187678152 -0.21285229678660011 -0.2481314132899056 -0.1897219998853774 -0.09218226541024535 -0.027180729592179913 -0.0802505460189802 -0.12222375353774817 -0.2272798789965474 0.035449792930818014 0.1024347986201006 0.5611742645919452
0.7483637792797017 0.7803622363889903 0.27670725449277145 0.5669692516737618 0.21346812249028557 0.1619288386449051 0.12101685353365985 -0.017132151440474523 0.18325208132767778 0.16506646269011824 0.16303429437414033 0.16291540889432687 -0.15789449625874838 -0.003472376418195153 0.21600903156198292
nan nan nan nan nan nan nan nan nan nan nan nan nan nan nan
0.7762186981442655 0.7778988375674697 0.511864700732024 0.507156876093892 0.0010303770723979052 -0.03408277135388633 0.07342701782628522 0.11304532347161454 0.1290615112668542 0.07666160437053791 0.02439190199155922 -0.08538285901560458 -0.006872161659910674 -0.10794012991038 0.4311315773135408
nan nan nan nan nan nan nan nan nan nan nan nan nan nan nan
0.9312357646667601 0.9361093141877418 0.57353725021309 0.9397379177901631 0.6631983062428778 0.7473082702251439 0.7396907216494846 0.6564625850340136 0.8848966473899417 0.8848966473899417 0.8848966473899417 0.9997959183652217 -0.017496355305594128 -0.06463777939430537 0.8609449997052758
0.25906271067965675 0.288039219062774 0.18579162977049435 0.1688370357146117 0.2246550307964835 0.19823916606062725 0.11707722846651836 -0.040037627681039245 -0.1263247822977401 -0.07405116310806938 -0.021777849037192865 0.10018161016054669 0.006865303393552219 0.010401092847260361 0.10892995879909802
nan nan nan nan nan nan nan nan nan nan nan nan nan nan nan
nan nan nan nan nan nan nan nan nan nan nan nan nan 0.047860308576688444 -0.20148649526055162
nan nan nan nan nan nan nan nan nan nan nan nan nan -0.16260791090694812 nan
-0.5385331094511864 -0.5406719727718178 0.23532379405121573 0.226669751795815 nan nan nan nan nan nan nan nan nan 0.1151753724988986 0.7428937422356323
nan nan nan nan nan nan nan nan nan nan nan nan nan nan nan
nan nan nan nan nan nan nan nan nan nan nan nan nan 0.044521538074708544 0.05462956477975742
nan nan nan nan nan nan nan nan nan nan nan nan nan 0.044986770542121864 0.18889922212041724
nan nan 0.433277872095116 nan 0.018972666957816967 0.04199720033780857 -0.017497354391607378 0.0011987460960855335 nan nan nan nan -0.08386711068264455 0.02496135014437052 0.19021109636469996
-0.4720443470614253 -0.47352867355687395 0.03364164166194084 0.21781704525429 -0.08748633132851145 -0.1082579719804813 -0.06121940113305645 -0.12164991445939004 0.09498800783604176 0.036953688809194404 -0.02102144806950788 -0.1430197234072791 0.0014236408049319777 -0.09462032268218533 0.21600992429326707
-0.4046082169440521 -0.40620322885192933 -0.02826653074899805 0.2206158119672882 -0.07608165041532938 -0.07383230398275253 -0.026181240175655103 -0.07874753047191729 0.10654613496836159 0.0485568953556923 -0.00941669079967638 -0.13120283105451472 0.0014210510570080114 -0.07941176470588236 -0.11480465959513375
-0.5658659573174518 -0.5950404679032952 -0.09869220929776414 -0.27772536661068403 0.11637551324409508 0.1077913609149749 0.038925745072878874 -0.005819069847145178 0.0582161459990922 0.0 -0.05841451848968386 -0.165725318314199 -0.020073876713674152 0.07274643084270634 -0.10440787812226336
-0.7535360454444857 -0.7558388930765603 -0.1208134002860502 -0.26013350456656953 -0.07214565171437992 -0.08190132614364648 0.04468457985921856 0.09395550407376468 0.09760327606672606 0.045967712915590216 -0.01151153018764641 -0.13360919937827279 -0.025573755218879283 0.0029940924952334804 -0.16558914280761047
0.40216682800228143 0.42963452562636373 0.31874838462658506 0.2929100315457993 -0.07560691850048547 -0.08398771043124545 0.043492020745772714 0.09445598766089419 0.08961045480583546 0.040890915383539554 -0.015090709086394198 -0.13704376703062512 -0.009959431881428263 -0.004481607133545074 0.05301723023825954
0.9271484541631662 0.9347847732939109 0.6807205554364023 0.4431592053389799 0.057405005142356615 0.02143887027316674 0.09139549059545841 0.13864827772195915 0.6817293431050198 0.6817293431050198 0.6817293431050198 0.8002800944003923 -0.056513312022655776 0.05292561240249632 0.8900247334690085
nan nan nan nan -0.22242006213264115 -0.21456786492655003 -0.2085972956712315 -0.17551518389578594 -0.17903240710300242 -0.17903240710300242 -0.17903240710300242 -0.1975233050447833 -0.28603877677367767 0.022680460581325723 0.18889922212041724
nan nan nan nan nan nan nan nan nan nan nan nan nan 0.04761919717612312 0.05462956477975742
nan nan nan nan nan nan nan nan nan nan nan nan nan -0.09245951335534447 -0.35605415640502536
nan nan nan 0.06702020304883906 nan nan nan nan nan nan nan nan nan nan nan
nan nan nan nan -0.2206028560426893 -0.21208463630471858 -0.20611527152212467 -0.17324363392064068 -0.16548407610041535 -0.16548407610041535 -0.1758000285555322 -0.1945659422486838 -0.28603877677367767 nan 0.05462956477975742
nan nan -0.11645265832392528 nan nan nan nan nan nan nan nan nan nan 0.08616404368553292 -0.11389664544937413
nan nan nan nan nan nan nan nan nan nan nan nan nan 0.09349072645579437 0.27003235982247126
0.7851347401815414 0.7882142961219307 0.26549383652595077 0.36636233516361744 0.15554927738055555 0.1586308955992944 0.09774937805548353 nan -0.08102882435620329 -0.03311055114608225 0.0015217263295771557 0.11829237209058181 0.05405484375805132 0.00974097855209351 0.20924032077703905
0.8677806709489417 0.885982132678047 0.6394920531629145 0.3196129746791658 0.39829801658599856 0.32744801527595396 0.3106015012471636 0.24340434346922135 0.7939772577654987 0.7939772577654987 0.7939772577654987 0.9948848769417229 nan 0.08528028654224416 0.8934878778104783
nan nan 0.18637292919720427 nan nan nan nan nan nan nan nan nan nan 0.060404044969262195 0.17898949653140311
0.11381803659589922 0.11381803659589922 0.09259179407344914 nan 0.39374707894741173 0.3355324211208847 0.3355324211208847 0.39374707894741173 nan nan nan nan 1.0 -0.09901475429766743 0.1227975210957392
nan nan -0.09259179407344914 nan nan nan nan nan nan nan nan nan nan 0.09901475429766743 -0.08610431739520351
nan nan nan nan nan nan nan nan nan nan nan nan nan 1.0 nan
nan nan -0.053925024141481086 nan nan nan nan nan nan nan nan nan nan -0.007103328022857691 -0.08610431739520351
nan nan nan nan nan nan nan nan nan nan nan nan nan nan nan
-0.08356470316251091 -0.16177391290956533 -0.4078893809602814 0.26017745423519634 nan nan nan nan nan nan nan nan nan 0.010075854437197568 -0.8023468985883981
-0.8214900244099075 -0.829433779112024 -0.32358672226236435 0.22626052703515143 -0.6151082904295989 -0.6633851568629756 -0.6213681001688811 -0.5287280310010704 -0.6634818854292613 -0.6634818854292613 -0.8884278944919167 -0.9961562958335908 -1.0 -0.007004620195164298 -0.7320959168383384
-0.8059797505557953 -0.8151608827287177 -0.38969360845407314 -0.2097168950195662 -0.6151082904295989 -0.6633851568629756 -0.6213681001688811 -0.5287280310010704 -0.6634818854292613 -0.6634818854292613 -0.8884278944919167 -0.9961562958335908 -1.0 -0.13267761315278648 -0.7609558496774357
-0.7658472294553718 -0.7698594741839515 -0.5763197085259484 -0.5201797658202469 -0.1950006963974805 -0.2250035223535054 -0.17654785575831533 -0.08383533963205084 0.00941148971058503 -0.03694713318447067 -0.08076041043344143 -0.17561531884900206 0.001670615844038759 0.07907805808069013 -0.35897169033982773
-0.7602438482392668 -0.7661478360835302 -0.09656392277869201 -0.5244969236678065 -0.1924190489790337 -0.22071535885886873 -0.1654733485566269 -0.08227630991697943 -0.024422292048422202 -0.07136539723060385 -0.10751603220042785 -0.19795476699004064 0.03216614910855626 0.08790318556967283 0.4751194003142987
0.6596464085464485 0.6893299505670707 0.2386345874784427 0.4844891763772432 0.18986957686402378 0.14125665283001582 0.10299436725341489 -0.014610343912661155 0.15531432832923625 0.13833378593553985 0.13588494405509063 0.1350983985484625 -0.13732857871971918 -0.0029844098735723017 0.1823693868460199
nan nan nan nan nan nan nan nan nan nan nan nan nan nan nan
0.6841928363727178 0.6871475400496716 0.4407175489053495 0.43282164660842093 0.0008910490340060949 -0.029463951574633843 0.06134158954886814 0.093182194593535 0.10717268013219954 0.0633007037709027 0.020137090643057978 -0.07062880087483046 -0.005740115779302915 -0.0930255855545251 0.36752541331147176
nan nan nan nan nan nan nan nan nan nan nan nan nan nan nan
0.8690942378678914 0.876467506102999 0.5407445263901035 0.9277917827694786 0.6610207470419189 0.7445498087416013 0.7396907216494847 0.6564625850340134 0.8796894133740476 0.8796894133740476 0.8796894133740476 0.9948848769417229 -0.017496355305594128 -0.06377207493722047 0.8423556100091677
0.2287855640424241 0.25493533595471085 0.16038128016204226 0.14432180576573067 0.19347588267762308 0.17078236837980293 0.09784431847022047 -0.033204638055566796 -0.10468127206869673 -0.06134007971130625 -0.01803755559631436 0.0829643776185492 0.005683630384789149 0.00885325610704503 0.0914947079525737
nan nan nan nan nan nan nan nan nan nan nan nan nan nan nan
