S10, S33, S39, S40, S41, S5, S53, S130, S171, S172, S173, S174, S179, S183, S204, S205, S206, S157, S158, S159, S163, S164, S165, S178, S180, S166
-0.07083655011203975
nan
-0.12260986453439532
-0.1170899561741621
0.12514377283076636
-2.5801957652496e-17
nan
-2.5801957652496e-17
nan
nan
nan
nan
nan
nan
-0.2020272340130155
nan
nan
-0.03985391641671878
nan
0.03614288195128833
nan
nan
nan
-0.02266483623401685
nan
0.01892083232400848
-0.022042287067284005
nan
-0.12121847530148401
-0.1776750378600698
0.1445195338178415
0.0
nan
0.0
nan
nan
nan
nan
nan
nan
-0.17197944708482363
nan
nan
0.0
nan
0.0
nan
nan
nan
0.0
nan
-0.003604514680443307
-0.020214513615876274
nan
-0.10406118047460328
-0.1556997888323046
0.12225377711920003
0.0
nan
0.0
nan
nan
nan
nan
nan
nan
-0.16464992819272103
nan
nan
0.0
nan
0.0
nan
nan
nan
0.0
nan
-0.003159908616764186
