Correlation coefficients for metric P1



Pearson coefficients: nan nan nan nan nan nan nan nan nan nan nan nan nan nan nan nan nan nan nan nan nan nan nan nan nan nan nan nan nan nan nan nan nan nan nan nan nan nan nan nan nan nan nan nan nan nan nan nan nan nan nan nan nan nan nan
Spearman coefficients: nan nan nan nan nan nan nan nan nan nan nan nan nan nan nan nan nan nan nan nan nan nan nan nan nan nan nan nan nan nan nan nan nan nan nan nan nan nan nan nan nan nan nan nan nan nan nan nan nan nan nan nan nan nan nan
Kendall coefficients: nan nan nan nan nan nan nan nan nan nan nan nan nan nan nan nan nan nan nan nan nan nan nan nan nan nan nan nan nan nan nan nan nan nan nan nan nan nan nan nan nan nan nan nan nan nan nan nan nan nan nan nan nan nan nan

Correlation coefficients for metric P2



Pearson coefficients: nan nan nan nan nan nan nan nan nan nan nan nan nan nan nan nan nan nan nan nan nan nan nan nan nan nan nan nan nan nan nan nan nan nan nan nan nan nan nan nan nan nan nan nan nan nan nan nan nan nan nan nan nan nan nan
Spearman coefficients: nan nan nan nan nan nan nan nan nan nan nan nan nan nan nan nan nan nan nan nan nan nan nan nan nan nan nan nan nan nan nan nan nan nan nan nan nan nan nan nan nan nan nan nan nan nan nan nan nan nan nan nan nan nan nan
Kendall coefficients: nan nan nan nan nan nan nan nan nan nan nan nan nan nan nan nan nan nan nan nan nan nan nan nan nan nan nan nan nan nan nan nan nan nan nan nan nan nan nan nan nan nan nan nan nan nan nan nan nan nan nan nan nan nan nan

Correlation coefficients for metric S10



Pearson coefficients: 0.1812264474594864 0.302878754515484 -0.10662401916455345 -0.005709942120076939 -0.022787516456047895 -0.10799300741970365 -0.09319842472429823 -0.01044175886280602 -0.28182298898862185 -0.2971864283625115 0.26618489162441233 0.16041866569868135 0.16519630840707142 0.2052009440884825 0.3596926657259427 -0.2603534833893264 -0.0900409265347441 -0.325538914999117 -0.032176144356889334 0.024341426301966385 -0.0013716980797611738 -0.0008205282287738347 -0.020505491461958375 0.01883735966637635 0.07678215884378728 -0.13132372320471766 -0.08925714271586885 -0.009859843118970113 -0.007873704006171324 -0.1541244354301939 -0.17943332707203602 -0.23854333980611853 -0.027414264832270805 -0.06790900512244495 -0.020132214773217062 -0.03885878988234886 -0.036482156312464056 0.050173631988376 0.0034693453947607054 -0.05129000337356358 -0.0870276980802121 -0.0017793386975455503 -0.03630326501530346 -0.06763325413662524 -0.6792513318694495 0.06160876245504707 0.028946565227077163 0.4860288745083242 0.488816226854815 -0.13524144042629843 -0.12900998095730817 -0.12841379822604032 -0.10931015707231369 -0.007412168143642813 -0.08754291001187117
Spearman coefficients: 0.15434255494587298 0.29792989797223784 -0.0924281166372194 -0.08764140562173704 -0.10634534696651186 -0.11378766537431856 -0.0976035971773193 -0.01101594655499322 -0.2749437904623164 -0.2941932485835941 0.2837947066654458 0.18420970922699448 0.18557422559163889 0.22386830596417875 0.31908036158924336 -0.24357701027340176 -0.02215705574028384 -0.3230420656627895 0.005497547818055785 0.0017271805267571679 0.025836579293400386 0.028325882844267975 0.0 0.0 0.14278061781570303 -0.07389844164883731 -0.03329759882199663 -0.0025681417357052622 0.0025640590014571894 -0.10219099686745231 -0.1290160439010814 -0.29476335627943356 0.0 -0.05025699790706976 0.055643458763553214 -0.00376484026074687 0.0012552490766118856 0.20406075764079154 0.06041310067950659 -0.0017253825338754464 -0.12610824514545843 0.0 0.03430255355558097 -0.04816329825930016 -0.6654631364792059 0.05454459833453749 -0.06057216210884438 0.796591167127699 0.8024765170123836 -0.09439809464153542 -0.08847793992616573 -0.08847872100096246 -0.3001109050921004 -0.05994336825945305 -0.14515120392284825
Kendall coefficients: 0.1413309356798014 0.2710370400290892 -0.07751229051383482 -0.07377293214343346 -0.08951714101199365 -0.09775626746853729 -0.08383163781253312 -0.009415396544308287 -0.23150543769529153 -0.24772737479111753 0.2434486656781594 0.1586267676325342 0.15980178072610854 0.19200803249958467 0.2693511360780872 -0.2059429366720171 -0.01860745788739138 -0.2762997888253141 0.004943339012989006 0.0014686837386151167 0.021975666228208377 0.02412619857935459 0.0 0.0 0.12725475089872904 -0.06302722686738994 -0.028480727441667658 -0.0023372972447888653 0.002328186164999399 -0.09116858437357814 -0.11538863176609787 -0.2582600380937252 0.0 -0.04318748165551446 0.050830279931463156 -0.003365534754691296 0.0011235260054645038 0.19560595868294012 0.052886669001223775 -0.0014655259544013731 -0.10956987783493836 0.0 0.03114112281342492 -0.040494744159443694 -0.6296408759466987 0.054144526082322945 -0.05389768248266689 0.7033463558294706 0.7089883316662666 -0.07994897055066645 -0.07509379855587522 -0.07510988032039322 -0.2571170370501398 -0.05447047209471777 -0.1402773653040946

Correlation coefficients for metric S33



Pearson coefficients: nan nan nan nan nan nan nan nan nan nan nan nan nan nan nan nan nan nan nan nan nan nan nan nan nan nan nan nan nan -0.2971549065731654 -0.26125800609234356 nan nan nan nan nan nan 0.0896421457000795 nan nan nan nan nan nan nan 0.1568902376611442 nan nan nan nan nan nan nan nan nan
Spearman coefficients: nan nan nan nan nan nan nan nan nan nan nan nan nan nan nan nan nan nan nan nan nan nan nan nan nan nan nan nan nan -0.2971549065731653 -0.2612580060923437 nan nan nan nan nan nan 0.08964214570007953 nan nan nan nan nan nan nan 0.16321338273951363 nan nan nan nan nan nan nan nan nan
Kendall coefficients: nan nan nan nan nan nan nan nan nan nan nan nan nan nan nan nan nan nan nan nan nan nan nan nan nan nan nan nan nan -0.2971549065731653 -0.2612580060923437 nan nan nan nan nan nan 0.08964214570007953 nan nan nan nan nan nan nan 0.16267748450220135 nan nan nan nan nan nan nan nan nan

Correlation coefficients for metric S35



Pearson coefficients: nan nan nan nan nan nan nan nan nan nan nan nan nan nan nan nan nan nan nan nan nan nan nan nan nan nan nan nan nan -0.280783228382722 -0.2449401955873339 nan nan nan nan nan nan 0.0896421457000795 nan nan nan nan nan nan nan 0.1568902376611442 nan nan nan nan nan nan nan nan nan
Spearman coefficients: nan nan nan nan nan nan nan nan nan nan nan nan nan nan nan nan nan nan nan nan nan nan nan nan nan nan nan nan nan -0.255189714140392 -0.2210874385826586 nan nan nan nan nan nan 0.08964214570007953 nan nan nan nan nan nan nan 0.16321338273951363 nan nan nan nan nan nan nan nan nan
Kendall coefficients: nan nan nan nan nan nan nan nan nan nan nan nan nan nan nan nan nan nan nan nan nan nan nan nan nan nan nan nan nan -0.25324985862719684 -0.2194068156465914 nan nan nan nan nan nan 0.08964214570007953 nan nan nan nan nan nan nan 0.16267748450220135 nan nan nan nan nan nan nan nan nan

Correlation coefficients for metric S37



Pearson coefficients: 0.33407336118270836 0.7306398743030803 -0.041365287400093625 nan nan 0.00427529322650321 0.0042752932265032705 -0.09366229328971533 -0.0014832181749104018 0.010877467866382617 -0.16734679120886808 -0.13529467406345144 -0.14013941597826474 0.37161214400139847 0.19093287482104584 -0.03047714725551676 -0.08670005166604769 0.1691482531330731 nan nan nan nan nan nan nan nan nan nan nan -0.2983898590905269 -0.26379434689908315 0.059714198572912845 nan nan nan nan nan 0.07873213048342104 -0.02488344442203243 -0.010265754195735076 nan nan nan nan -0.025141556626592305 0.24201823419693821 0.2093783823699531 0.10947959493808751 0.11387779232378907 0.666086837696171 0.6215861872717333 0.6140827715781149 0.12351106034926765 0.5000575181536563 0.2081395586206437
Spearman coefficients: 0.41968128486621864 0.7694281194710789 0.002745363537207006 nan nan -0.0008337169175992398 -0.0008337169175992398 -0.06782092851578406 0.0012518360298733504 0.012859349084193323 -0.15303034496176116 -0.15952155786877759 -0.16492428280820565 0.38779387430977824 0.23891717663503803 -0.05281832438017914 -0.07165688787628094 0.19776725570493267 nan nan nan nan nan nan nan nan nan nan nan -0.23298734059034867 -0.1303953859458469 0.4076991747905505 nan nan nan nan nan -0.0018436259804654562 -0.025120328263208883 -0.014212670403551895 nan nan nan nan -0.7752313267740385 0.26077297060391724 0.36628117666389143 0.7941247444929326 0.7974592207459137 0.43894365064911584 0.34158680811205616 0.33470661965349185 0.1564676598432764 0.2928857654601948 0.14787533010064907
Kendall coefficients: 0.3846556738143941 0.7543078703112244 0.002732264913349024 nan nan -0.0007483318515208076 -0.0007483318515208076 -0.06016762022138097 0.0011380578761394215 0.0116604983050674 -0.1366285403943779 -0.14417831466357323 -0.1494371232359059 0.3519235300857246 0.22503881963230946 -0.04712900785239785 -0.06379574499146178 0.17704640078463846 nan nan nan nan nan nan nan nan nan nan nan -0.22372995070771576 -0.12506002204419014 0.38728971755485814 nan nan nan nan nan -0.0017203067924632875 -0.02493514904770148 -0.014177624100166718 nan nan nan nan -0.7490872582735024 0.2383639368740114 0.31987158654542625 0.764106393211133 0.7673002358318071 0.4225797105040333 0.3208379391164706 0.31356794259044524 0.13842165432403464 0.27829872810346556 0.13556604021842714

Correlation coefficients for metric S39



Pearson coefficients: -0.03309963498503057 0.37047746016549105 -0.19902565057922292 -0.17716135646109832 -0.20031849521714254 -0.07684418471983066 -0.06201302875469585 -0.033277483938475724 -0.30231674047738555 -0.318879530149678 0.3698034410962654 0.22734001776277993 0.2308572581669545 0.14670842405014378 0.2216819482329936 -0.2720036904290521 0.13752463986494126 -0.33554601313044846 -0.04419599489122442 -0.007862122775902555 -0.013565577794301713 -0.011944089442900742 -0.031540321038752 -0.003768462983260644 0.03469189690386315 -0.17207440094271834 -0.13345018581619017 -0.025156526379371238 -0.0236012330025376 -0.6256373520508908 -0.5423174153914853 -0.42790217523192625 -0.015584348374622168 -0.15079476107473078 -0.0415082176777897 -0.045221853341650485 -0.04329092970803796 -0.046986769900650836 -0.026941694494478773 -0.05648107770643915 -0.12911831005085483 -0.050092923387373096 -0.022105093064605136 -0.08952497435611168 0.5957863285088811 0.3018823616621551 0.5331666139149674 -0.5222853884164043 -0.5237315714501544 -0.027665903889967154 -0.019621478562815386 -0.019621478562814935 0.3316499022046483 -0.009073879325240463 -0.010127366653445867
Spearman coefficients: -0.09434407769813051 0.2799367708508259 -0.22270765372243928 -0.1918976011586944 -0.2125276386156142 -0.09944156529748178 -0.08273873091063709 -0.03808951447222843 -0.28456709389985096 -0.3040915051200713 0.34219419234328535 0.21400632523879898 0.21668519258421862 0.13670737667786445 0.23955222341389598 -0.2710187928424439 0.1739115600506353 -0.3309580330435346 -0.06181297549062608 0.0 -0.009757689671143507 -0.0073180538274618045 0.0 0.0 0.04976271052514728 -0.1744568669417141 -0.17443345667530305 -0.027264941211727522 -0.024749598814092635 -0.2899497653212317 -0.19703960294767497 -0.4046844626163882 0.0 -0.1378559929267484 -0.06878617539521804 -0.045531591339912456 -0.0430742606455069 -0.04713764237491987 0.02402716036198497 -0.053219451920140916 -0.14823041640384185 -0.08921668389337764 0.0034330522348921715 -0.11327717560893893 0.6224921865060314 0.4753577192051073 0.47530388952842967 -0.7597447145017882 -0.7609543847889109 -0.07956966876870898 -0.07964920810061775 -0.07964920810061775 0.3897401622744618 0.03600160977133339 0.003442858920810054
Kendall coefficients: -0.07897481105227087 0.2496034847074744 -0.18518019858361948 -0.16128393573647617 -0.17862283739732268 -0.08200201679193142 -0.06823506711260044 -0.031464127141552944 -0.23485359175754209 -0.25101523873343934 0.28299726467794795 0.1767046648627588 0.1789673438446613 0.11371305386636908 0.19830727919663566 -0.22376122943455642 0.14387596964872051 -0.27301446159265613 -0.05152329311792571 0.0 -0.00808734595249308 -0.006063056275406224 0.0 0.0 0.041264680307237005 -0.1449430865114195 -0.14491361155707072 -0.023392794704061404 -0.021197480735849546 -0.24140659079390492 -0.16403509969803007 -0.3500057962595763 0.0 -0.11648152526567072 -0.0578617382136995 -0.03914574686750822 -0.03705029499464016 -0.04069478375427134 0.01994310088043664 -0.044312852914113104 -0.12722042226896554 -0.07378299219730845 0.002852489526925648 -0.09402701614197173 0.5938545390172946 0.41702045731901594 0.39663541846961925 -0.6898790299270416 -0.6907694385001042 -0.06793201709839833 -0.0681695423584111 -0.0681695423584111 0.33872182925606326 0.03397327187138744 0.0029188528243877998

Correlation coefficients for metric S40



Pearson coefficients: -0.5928365342702935 -0.526003250391661 -0.45957758168825064 -0.23960543254017214 -0.246698339022229 -0.11908607119485116 -0.11655241577759028 -0.1164758832189375 -0.2816154553218726 -0.27861793541234064 0.06952688775282262 0.026078182960201958 0.02174783177398103 0.3164016055854291 0.25902251547820765 -0.16554986193926927 0.08628547040902572 -0.1605805894635482 -0.20083392880910553 -0.10633765064994274 -0.068265227800693 -0.06605858828851688 -0.1861228108418665 -0.1876096286813604 -0.18812605473591365 -0.2801418159178857 -0.249588316807701 -0.2665200286662446 -0.26551208113019836 -0.7136193795495211 -0.6246491200863843 -0.3664690736775479 -0.17614455389529443 -0.31034237366182116 -0.2478624323542576 -0.2480820147572739 -0.24665551194460822 -0.21507773345961653 -0.21545145587603268 -0.20298512910915803 -0.2810441057297333 -0.16543008927645128 -0.14460909577663983 -0.2391432806391583 -0.11895441174710038 0.42208699826740187 0.5966397982447095 -0.3051871119754069 -0.3070912086290156 0.09763780000842427 0.07601088736997375 0.07388904467572484 0.347610968620921 -0.294978251842308 0.13740322467502336
Spearman coefficients: -0.4401432794043705 -0.46972609816483235 -0.45625294820425444 -0.26948892970406874 -0.27642267889374 -0.11691403513906887 -0.11380569088603125 -0.11717289916970962 -0.2376155722736178 -0.23686412216996613 0.09487069918820631 0.038116655968686824 0.036779229443469744 0.3200087420802695 0.27629172420293135 -0.17633193050904955 0.13645448106647784 -0.12200073950344495 -0.16655503164985422 -0.12016524187755906 -0.11100181364701792 -0.10856221334708346 -0.16478362297134158 -0.16476007349386743 -0.15275923817803078 -0.23294581903481532 -0.23292748093548876 -0.23798942646665058 -0.23763681596731404 -0.374432976448211 -0.27243698255339216 -0.3575238231212846 -0.16946703310320507 -0.17278543094158083 -0.1719412754334268 -0.2411042061438012 -0.2411142199948197 -0.1672531598818114 -0.1716831662778982 -0.16133462974847715 -0.17442128988679179 -0.14758207219961478 -0.1716415960789261 -0.17163759090809183 -0.2038092419074905 0.4259097680254702 0.5183233477093846 -0.36589935410387553 -0.3705065624885619 0.07628783087293582 0.021103375570323064 0.0190910050312416 0.4429741020185858 -0.2216984047163939 0.15637184182010158
Kendall coefficients: -0.36482939491341415 -0.41960551564405124 -0.37800162858219777 -0.22366850748358078 -0.2294233313801404 -0.09627207613600665 -0.09369466138638163 -0.09650308323660006 -0.19586941181103246 -0.19523103678792517 0.07827018791950786 0.03141255473604363 0.030310359833024554 0.2661765785847505 0.2297923716868479 -0.14524027050064925 0.11281912373618345 -0.10051442097892266 -0.1389405366059569 -0.1 -0.09204945503615909 -0.09002639009030944 -0.13698917997661658 -0.13696129413816452 -0.1269228754431548 -0.19322227607899106 -0.19306585243377747 -0.20447597419907707 -0.20381338759164894 -0.31088814425814104 -0.22618019719892848 -0.3089003939613555 -0.1453008340676096 -0.14664711502135327 -0.14448815426303366 -0.2064989168053979 -0.20658974545144626 -0.14765625468898166 -0.14285714285714285 -0.13406700776550542 -0.14997375688861586 -0.12227213515505064 -0.14242182297397127 -0.14252304160300427 -0.1843462901196884 0.3699724737677966 0.4310205522352585 -0.34356963512113786 -0.3482998250179294 0.06438676017408061 0.017832518835125 0.016118813749110037 0.37427511076027603 -0.19284837912051656 0.131156056256074

Correlation coefficients for metric S41



Pearson coefficients: 0.47198682999760144 -0.419740172093703 -0.17438152323796557 -0.3503296436045734 -0.38577848322758307 0.13416871937796396 0.14088197642442582 0.17708637128402258 0.2370922803303593 0.22011768254654143 -0.004095873977334631 -0.14168039325943121 -0.13458193747652977 -0.24920847364615395 -0.5425568632969667 0.18809259797210273 -0.09509907834805077 -0.09188679563515141 -0.11830431173747319 0.18546002697988065 -0.05661838264996631 -0.057784928522158795 -0.19636538850782007 -0.16372223836791652 -0.2195575657093643 -0.10359972283987869 -0.02947616856017453 -0.3891405003961444 -0.3895472972039152 -0.21073811623738856 -0.2631347761622502 -0.003080455964688851 -0.43344712485099135 0.0284245316072093 0.0707745886207767 0.10134807030992703 0.10171072588540432 -0.12240871609245056 -0.1002783652626062 -0.3081828669429197 0.0811169340773866 0.10762230081555714 -0.26973042047733364 -0.14545467819269392 -0.6417325641880325 -0.1186072137781493 0.12304215675857764 -0.900276456820122 -0.9015229570272281 -0.11128942712667714 -0.10501323791030671 -0.10501323791030735 -0.14424212072651652 -0.010435858787336648 -0.14973261515377503
Spearman coefficients: 0.39871134651922235 -0.37471124043052545 -0.1393046065238073 -0.35211220089352335 -0.38158695502966694 0.13222576974611427 0.14389358977982333 0.15509968722783116 0.19687874111531842 0.18936428534755817 -0.05907516447355775 -0.1016663358940739 -0.0949780379829575 -0.21978871617107168 -0.5667835082374212 0.1711358475407342 -0.1371837697599178 -0.10037967182393141 -0.13571012264955165 0.15942224648756465 -0.037595857869211546 -0.040043484171441025 -0.16485048158274887 -0.14483568581420897 -0.1702238557459686 -0.09153201346913406 -0.03539796033228195 -0.2370356521287737 -0.2366608118234378 -0.20963637624967466 -0.25362908262824546 0.04954577319482503 -0.1720082522342479 0.032637999105732625 0.08368089151279734 0.14967024838108 0.15206823326082675 -0.1602599476301202 -0.11158656847003452 -0.16994672238929842 0.08526057034315437 0.12556271377523368 -0.17020343012867 -0.1647106044305939 -0.6159184717346248 -0.26100637482343797 0.17619012318861196 -0.8367173135310054 -0.8414990048577217 -0.08923348404085026 -0.10325268944450156 -0.10325268944450156 -0.14784086934783064 0.044513057594749404 -0.15100716881337875
Kendall coefficients: 0.3399683540688411 -0.3407298412992954 -0.12016284041228316 -0.29525321547913824 -0.31981648410000074 0.11025168448198741 0.11999207675265196 0.1297953217989945 0.16423992188341172 0.15797122257488452 -0.04932693745093202 -0.08402749399960836 -0.07850726314162752 -0.1825978406462806 -0.4697825459146094 0.14166034316334558 -0.1141559527383747 -0.08384667122330224 -0.11357798492931434 0.1381157203940538 -0.03328418299719148 -0.03542550711918035 -0.13776277870326994 -0.12298537282644816 -0.14322278746084222 -0.07636160156232423 -0.029599481069684755 -0.20331969758805887 -0.20263886177433454 -0.17727348561136846 -0.21455678072511034 0.04200099123508986 -0.14494275891311212 0.02732752359285107 0.07297057858186241 0.1276128287020241 0.12959259229458672 -0.1360166708876463 -0.09284766908852593 -0.14623608380504277 0.07534105749568178 0.10608717102641864 -0.1429239705539261 -0.1362559093928783 -0.5111792402731428 -0.2170575675356759 0.15116221408991737 -0.7220478249263704 -0.7263343136151069 -0.07474079456165908 -0.08652468768846375 -0.08652468768846375 -0.12291671570026333 0.0372662474939931 -0.12516628632038299

Correlation coefficients for metric S46



Pearson coefficients: 0.10037502051970407 -0.0010449782907068117 0.27301232464613717 -0.014724294495882757 0.004885370886311428 -0.1275213894788295 -0.12941483011657146 -0.13782381358467094 0.18793723537652332 0.21086749510983785 -0.3218756010340807 0.02269352081071035 0.014055876161294327 0.3565334140380702 0.4494424843126474 0.8836469096093711 -0.4037261703695698 0.44460175053932527 0.05611372506175417 -0.006798038229879403 0.04562956361580736 0.050286878886459996 -0.12158447099894484 0.034821177716036274 0.07913852365480295 -0.11643467416814036 -0.11974159252250724 0.08119251707658583 0.08351781245260442 0.09349000988138735 0.0762724869436225 0.4154834985527292 0.03375232101996224 -0.05724741247860165 -0.09843585748064398 -0.10752225702451898 -0.11046582480682716 -0.0985545963834982 0.13750427493371167 0.09564435600894064 0.069555996186599 0.08142273408615047 0.06380617693276096 0.0956623633998395 0.02835726015451302 0.42447929796858225 0.5557524962100434 -0.6340026152820877 -0.6339360609242032 0.022370997881642565 -0.05030951925901339 -0.05616456405421379 0.041926647280862386 0.013912168948968691 0.055375347589577635
Spearman coefficients: 0.14657840437015093 -0.13374954773122283 0.2852125876188783 -0.03710089966689308 -0.010320486938739293 -0.17152537328145476 -0.1715990509090237 -0.21172958933982272 0.16705130944808974 0.18892758554485145 -0.30370751170756005 -0.015399303836673416 -0.02477214202302711 0.34646705992694377 0.4492901134786853 0.8198339989417348 -0.34205070898559725 0.4191837985395607 0.05450010067768802 0.01900948813513326 0.05412045729825516 0.05904540256675177 -0.12004265126342227 0.036837824217377954 0.10180657205176716 -0.12275552764992843 -0.12281722169031166 0.01243406803384138 0.017383948794320613 0.07937906342324963 0.04904296293329831 0.4018007735845582 0.06600549594984378 -0.0777346044620392 -0.11015306535585045 -0.09281180847611686 -0.09769035726311462 -0.15141472955529872 0.15094749512293507 0.13489150966191937 0.019356524018376137 0.0812422994309139 0.04730884476970346 0.11429272331747728 0.18468128966767924 0.47498374981224456 0.4764078031421429 -0.6390709604733695 -0.6381760841391544 0.0441688412699531 -0.039147473047850836 -0.045169366339916625 0.015850229683893904 0.010520376793081763 0.07382376149949622
Kendall coefficients: 0.12676444410110216 -0.12383737416082861 0.24128333192663387 -0.03198006454784208 -0.008888036490797524 -0.15004907282240523 -0.1502758781314027 -0.18243505095045343 0.14211021273756722 0.16076788890743154 -0.26027601451538207 -0.012877560046846577 -0.020709668154598574 0.2900705757906644 0.37771751041776486 0.6943894352059974 -0.2888720589732317 0.36942419652529046 0.047512717286742626 0.016312863720458797 0.04671244606337093 0.05099888162272586 -0.10499230944613987 0.034099716973523674 0.08694351505425314 -0.10480522179789009 -0.10509130963095767 0.010856553871837657 0.015160307304028718 0.06722943209993097 0.04153652618604594 0.3486467714077403 0.057041369995310114 -0.06636330864440285 -0.09297848078671114 -0.07771546175771418 -0.08177189622765886 -0.12666132379995806 0.12953372033589072 0.11515502609471105 0.0170609288927557 0.06982337334316324 0.041479597368777044 0.09808231921583106 0.1533651893476354 0.39136589416305856 0.3967325329028604 -0.5590227172878562 -0.558643157677746 0.03742292238541834 -0.033107008666285014 -0.03818826044302026 0.013374554223328814 0.009019609654071923 0.06142857142857142

Correlation coefficients for metric S47



Pearson coefficients: 0.17456953375349893 0.4874635228149829 0.282050175856616 0.014831468669339133 0.02493349320651464 0.04400383556753724 0.04581014853362483 0.016763473061953728 0.2373975835136544 0.24548590385847208 0.0010676134766089973 0.06944382247811327 0.06341729304382893 0.3526632845712968 0.4762011977965831 0.8131622310735723 -0.042217381164026964 0.23804064257889945 0.06781989128131573 0.11545653021342696 0.25394410990720945 0.26068979629966166 -0.09329796951653098 0.039895840608398216 0.08025866868234852 -0.03201603304156885 -0.03367162216448724 0.1189045327811767 0.1213499477842738 0.07716732408706449 0.16612567055196487 0.4999297399282319 0.040053420844401035 0.09352041207436851 0.06887255603983707 0.10053468634358906 0.0990235155137946 -0.06632304875899193 0.14774760934774805 0.11155467020454359 0.22006351110282496 0.20377022882084547 0.06823160205873997 0.12250328631789269 0.023094124456081347 0.5259868470823779 0.5760578094045568 -0.5259044484977475 -0.5263616535737118 0.0673806175548719 -0.017548555399804985 -0.02365461824984992 0.07398478760808178 -0.030805621505070817 0.09678390054804197
Spearman coefficients: 0.18321783000446312 0.4240535704359119 0.26676022393574356 0.017277361419465127 0.029443003133677988 0.03730580515034071 0.03769462709067979 -0.020532908375260978 0.18563631482244622 0.1950257411592203 -0.05956066902796043 0.06087082033062169 0.05351202914705676 0.33378174316984427 0.46559456351480655 0.8042041564071045 -0.1004097175426655 0.2233054018220722 0.09530054468304291 0.11570913429702542 0.23695176980668153 0.23951553953111895 -0.11428356199769973 0.04420843626011317 0.1119310161959435 -0.001223140581759025 -0.008569099459433314 0.1348868520223412 0.13697091271961248 0.04242211354120099 0.10380663638700123 0.48237123499200424 0.0693263879245866 0.10864019627440824 0.08627344970523652 0.08086114591195745 0.08085900449677515 -0.058560396061173345 0.15531006538488493 0.13689722493874446 0.1761499490818589 0.17218993621580628 0.05553647951637877 0.1448092605331175 -0.0047663621479163525 0.5212539653990468 0.4837874269120163 -0.5595708402946966 -0.555983791684709 0.08243977380229893 -0.008032253576047477 -0.014055330211427654 0.09991189124197158 -0.04225767771471752 0.12019575620442148
Kendall coefficients: 0.15698200615309732 0.389351330789693 0.2248977338687624 0.014733671086908791 0.025100757033552225 0.030918235179532454 0.031243460024146467 -0.01712022983548723 0.15469414417043414 0.16248952883220527 -0.049702207010782644 0.05040739817756358 0.044305251968215865 0.27833245318393807 0.38859267395596603 0.6689248185403409 -0.08365686410490501 0.1869956827062973 0.08188005844911939 0.09918581547616648 0.20322658679920663 0.2057168049097315 -0.0987718535785904 0.041578337748575764 0.094872820932462 -0.0010337619578747812 -0.007270256614586356 0.12114697091383103 0.12283485101616068 0.03584169040360016 0.08766191172031257 0.4165354148183535 0.05964173459175533 0.09249715247622702 0.0736569563735987 0.06852618317219641 0.06851156113358502 -0.04908499998821705 0.13212454939080828 0.11833297255620256 0.1551740282756371 0.14557104891371556 0.047975418895111116 0.12297219323333027 -0.003921034266847056 0.4289212107604399 0.4048816376237095 -0.4892873451782438 -0.4868012525222705 0.07015422817216706 -0.006801275392724981 -0.011894651701745161 0.0855930071726225 -0.03639899967823683 0.09996940180457718

Correlation coefficients for metric S5



Pearson coefficients: 0.46238168244364736 0.4656018167951275 -0.021752235058761088 0.07695878158561832 0.0681218098251754 -0.36674496950766233 -0.36674496950766194 -0.3636213327365474 -0.5146807015695543 -0.514680701569554 -0.2159047522840487 -0.18597990782653068 -0.1859799078265308 0.08086823699483855 0.05476880907525078 -0.661637217800825 0.18524219045031415 -0.3467324467176844 0.09093257859606314 0.3292451960584846 0.18790046684563325 0.18790046684563325 0.19943129172515983 0.3292451960584846 0.3292451960584846 0.04705247069887438 0.04705247069887441 0.3634296548440175 0.3634296548440175 -0.06399768147133326 0.027163012352946464 0.20463267455704198 0.3292451960584846 0.09093257859606314 0.06444990979945953 0.35321471859859194 0.35321471859859194 0.09744872805041468 0.2513831364193023 0.20124611797498113 0.05973401067611973 0.21415198972951752 0.17648837964055353 0.08690302097520937 -0.8779866294629447 0.657820507842943 0.41846633271673744 0.2548296836693189 0.25513165342018346 0.046067281228961345 0.041624459546916515 0.041624459546916515 0.0234930353891105 0.13203104303269542 0.04636035447399697
Spearman coefficients: 0.4145097550040258 0.4107757306415107 -0.006887443788581724 0.08059284308241124 0.07317367967255362 -0.37686254062715446 -0.37686254062715446 -0.3729722060044034 -0.5089169925156947 -0.5089169925156947 -0.2410736642213444 -0.17655388566628918 -0.17655388566628918 -0.011410852089460561 0.018835482532836068 -0.6902848399424819 0.2882511462519199 -0.33848575476229914 0.3768703357920334 0.3851783667025362 0.27071082952660513 0.27071082952660513 0.35066662589867925 0.3851783667025362 0.3851783667025362 0.27301884736908927 0.27301884736908927 0.5094917464897408 0.5094917464897408 0.0634541038857794 0.12485440321603951 0.32393426425456 0.3851783667025362 0.3768703357920334 0.2715085008453786 0.60313765922868 0.60313765922868 0.15809783312647452 0.29864219847625545 0.3768703357920334 0.2715881087063378 0.19606989488807594 0.318753928580725 0.34287403421204193 -0.9044234183298008 0.836099269951886 0.394532672457366 0.28585279975925576 0.2812042315058909 0.06410192019757778 0.0646529245862199 0.0646529245862199 -0.11626756443115199 0.16867695627511176 0.05313437624621833
Kendall coefficients: 0.368561268304358 0.3822150661444283 -0.006201256077728542 0.07252407026418438 0.06581244797915176 -0.35670446426177754 -0.35670446426177754 -0.35275120741918725 -0.4852098288607662 -0.4852098288607662 -0.23170537457397533 -0.1698447417321031 -0.1698447417321031 -0.01031652251580091 0.016993077913315672 -0.6752277851003745 0.2650449656570001 -0.3286497337569677 0.37532594530273455 0.382338952064756 0.2656343748709713 0.2656343748709713 0.3479601028621766 0.382338952064756 0.382338952064756 0.2696104253719146 0.2696104253719146 0.5055593758364215 0.5055593758364215 0.06035822408564705 0.11849585457914867 0.31198856157598764 0.382338952064756 0.37532594530273455 0.26845594783337695 0.5989848920276343 0.5989848920276343 0.15422806166780156 0.296199733836865 0.37532594530273455 0.26932333603157343 0.19059062496562187 0.31641594084218894 0.34022765613190603 -0.8918970162410567 0.7559485720882894 0.3550838686058946 0.27472053998801677 0.27076674125772954 0.05841545356924596 0.05918643599386342 0.05918643599386342 -0.10752946820657654 0.1595578391195075 0.04795245473566802

Correlation coefficients for metric S53



Pearson coefficients: nan nan nan nan nan nan nan nan nan nan nan nan nan nan nan nan nan nan nan nan nan nan nan nan nan nan nan nan nan nan nan nan nan nan nan nan nan -0.08964214570007951 nan nan nan nan nan nan nan -0.12567024609146019 nan nan nan nan nan nan nan nan nan
Spearman coefficients: nan nan nan nan nan nan nan nan nan nan nan nan nan nan nan nan nan nan nan nan nan nan nan nan nan nan nan nan nan nan nan nan nan nan nan nan nan -0.08964214570007953 nan nan nan nan nan nan nan -0.13259517895263567 nan nan nan nan nan nan nan nan nan
Kendall coefficients: nan nan nan nan nan nan nan nan nan nan nan nan nan nan nan nan nan nan nan nan nan nan nan nan nan nan nan nan nan nan nan nan nan nan nan nan nan -0.08964214570007953 nan nan nan nan nan nan nan -0.13226821922325052 nan nan nan nan nan nan nan nan nan

Correlation coefficients for metric S55



Pearson coefficients: nan nan nan nan nan nan nan nan nan nan nan nan nan nan nan nan nan nan nan nan nan nan nan nan nan nan nan nan nan 0.06227797443150171 0.06858022659924023 nan nan nan nan nan nan 0.0896421457000795 nan nan nan nan nan nan 0.00024556395875071404 0.1568902376611442 nan nan nan nan nan nan nan nan nan
Spearman coefficients: nan nan nan nan nan nan nan nan nan nan nan nan nan nan nan nan nan nan nan nan nan nan nan nan nan nan nan nan nan 0.0622779744315017 0.06858022659924022 nan nan nan nan nan nan 0.08964214570007953 nan nan nan nan nan nan -0.007936779851126825 0.16321338273951363 nan nan nan nan nan nan nan nan nan
Kendall coefficients: nan nan nan nan nan nan nan nan nan nan nan nan nan nan nan nan nan nan nan nan nan nan nan nan nan nan nan nan nan 0.06227797443150171 0.06858022659924022 nan nan nan nan nan nan 0.08964214570007953 nan nan nan nan nan nan -0.00783697114239749 0.16267748450220135 nan nan nan nan nan nan nan nan nan

Correlation coefficients for metric S6



Pearson coefficients: nan nan nan nan nan nan nan nan nan nan nan nan nan nan nan nan nan nan nan nan nan nan nan nan nan nan nan nan nan -0.6227991553292183 -0.565566370875532 nan nan nan nan nan nan nan nan nan nan nan nan nan nan nan nan nan nan nan nan nan nan nan nan
Spearman coefficients: nan nan nan nan nan nan nan nan nan nan nan nan nan nan nan nan nan nan nan nan nan nan nan nan nan nan nan nan nan -0.6227991553292184 -0.5655663708755321 nan nan nan nan nan nan nan nan nan nan nan nan nan nan nan nan nan nan nan nan nan nan nan nan
Kendall coefficients: nan nan nan nan nan nan nan nan nan nan nan nan nan nan nan nan nan nan nan nan nan nan nan nan nan nan nan nan nan -0.6227991553292184 -0.565566370875532 nan nan nan nan nan nan nan nan nan nan nan nan nan nan nan nan nan nan nan nan nan nan nan nan

Correlation coefficients for metric S64



Pearson coefficients: nan nan nan nan nan nan nan nan nan nan nan nan nan nan nan nan nan nan nan nan nan nan nan nan nan nan nan nan nan -0.032437456006730106 -0.035719981318454636 nan nan nan nan nan nan nan nan nan nan nan nan nan nan 0.01410802965892389 nan nan nan nan nan nan nan nan nan
Spearman coefficients: nan nan nan nan nan nan nan nan nan nan nan nan nan nan nan nan nan nan nan nan nan nan nan nan nan nan nan nan nan -0.03243745600673012 -0.035719981318454656 nan nan nan nan nan nan nan nan nan nan nan nan nan nan 0.01410802965892387 nan nan nan nan nan nan nan nan nan
Kendall coefficients: nan nan nan nan nan nan nan nan nan nan nan nan nan nan nan nan nan nan nan nan nan nan nan nan nan nan nan nan nan -0.03243745600673013 -0.035719981318454656 nan nan nan nan nan nan nan nan nan nan nan nan nan nan 0.014108029658923868 nan nan nan nan nan nan nan nan nan

Correlation coefficients for metric S7



Pearson coefficients: nan nan nan nan nan nan nan nan nan nan nan nan nan nan nan nan nan nan nan nan nan nan nan nan nan nan nan nan nan nan nan nan nan nan -0.010000000000000004 nan nan -0.08964214570007951 nan nan nan nan nan nan nan -0.12567024609146019 nan nan nan nan nan nan nan nan nan
Spearman coefficients: nan nan nan nan nan nan nan nan nan nan nan nan nan nan nan nan nan nan nan nan nan nan nan nan nan nan nan nan nan nan nan nan nan nan -0.01 nan nan -0.08964214570007953 nan nan nan nan nan nan nan -0.13259517895263567 nan nan nan nan nan nan nan nan nan
Kendall coefficients: nan nan nan nan nan nan nan nan nan nan nan nan nan nan nan nan nan nan nan nan nan nan nan nan nan nan nan nan nan nan nan nan nan nan -0.01 nan nan -0.08964214570007953 nan nan nan nan nan nan nan -0.13226821922325052 nan nan nan nan nan nan nan nan nan

Correlation coefficients for metric S70



Pearson coefficients: 0.04945628103354359 -0.3197221015541823 -0.20589282656751556 0.08444416643941399 0.08772508094871975 nan nan nan nan nan nan nan nan nan nan nan nan nan 0.015978727370638737 0.021573282181092977 nan nan nan nan nan 0.03775381281038031 0.024868236565092464 nan nan -0.01348037070133924 -5.031700853844723e-06 0.09363340073531864 nan nan nan 0.040321622656854315 0.04032162265685289 0.08964214570007949 -0.223399230320035 0.020304957162357685 nan nan nan 0.01749478053717976 0.0004985255934161805 0.15689023766114427 -0.5186820205794858 0.6374703809000681 0.6375858490868649 0.0957447116387407 0.15998881521403177 0.1652230177031778 -0.05215563820309782 -0.011752696585874555 -0.48720094679209475
Spearman coefficients: 0.06686803786785586 -0.3197221015541813 -0.21505373941623399 0.08479574274490542 0.08809031707051936 nan nan nan nan nan nan nan nan nan nan nan nan nan 0.017493998894094476 0.022817067223923213 nan nan nan nan nan 0.041671501976046035 0.02486823656509969 nan nan -0.21153294807250286 -0.18025052135946767 0.09537246160579341 nan nan nan 0.04164492858490111 0.04164492858490111 0.08964214570007953 -0.2625479363259952 0.020303814862216996 nan nan nan 0.017494587907710375 -0.0018281195073884227 0.16321338273951363 -0.45580439565519226 0.6430195043489325 0.6424216246647071 0.09313530122781265 0.15322303965748146 0.1572320839384204 0.0021833061669114862 0.020941744983134895 -0.49739271235515664
Kendall coefficients: 0.06379503421978366 -0.3197221015541813 -0.21239823488027368 0.084482745017395 0.08776515842261776 nan nan nan nan nan nan nan nan nan nan nan nan nan 0.017407765595569783 0.022727272727272728 nan nan nan nan nan 0.041492291375398276 0.02486823656509969 nan nan -0.20853291824258904 -0.17769414919208984 0.09497057953515026 nan nan nan 0.04108402669231623 0.04108402669231623 0.08964214570007953 -0.25720389995846904 0.020228869496966943 nan nan nan 0.017437145811572893 -0.0017553404780865248 0.16267748450220135 -0.3905159811190241 0.5614384744001039 0.5611571537315252 0.07757891202792108 0.1276037201760964 0.130966550412727 0.0018224530201372854 0.017593643665539806 -0.49371686742268084

Correlation coefficients for metric S8



Pearson coefficients: nan nan nan nan nan nan nan nan nan nan nan nan nan nan nan nan nan nan nan nan nan nan nan nan nan nan nan nan nan nan nan nan nan nan -0.010000000000000004 nan nan nan nan nan nan nan nan nan nan nan nan nan nan nan nan nan nan nan nan
Spearman coefficients: nan nan nan nan nan nan nan nan nan nan nan nan nan nan nan nan nan nan nan nan nan nan nan nan nan nan nan nan nan nan nan nan nan nan -0.01 nan nan nan nan nan nan nan nan nan nan nan nan nan nan nan nan nan nan nan nan
Kendall coefficients: nan nan nan nan nan nan nan nan nan nan nan nan nan nan nan nan nan nan nan nan nan nan nan nan nan nan nan nan nan nan nan nan nan nan -0.01 nan nan nan nan nan nan nan nan nan nan nan nan nan nan nan nan nan nan nan nan

Correlation coefficients for metric S9



Pearson coefficients: -0.18521441909687297 -0.29496533321929475 -0.25414856127490254 -0.00012267540383371884 -0.019044449568302597 0.27875606719468743 0.2778758465645257 0.19449926394095213 0.09557982241370266 0.09557982241370255 0.07015732459425808 0.14361815414268278 0.1436181541426827 -0.3717358797187749 -0.43193577175424525 -0.7168665397906058 0.4252893317774497 -0.16901528528571974 -0.060948219255534904 0.04182130284285097 0.024844605002371418 0.019957186755363038 0.09443230547572329 -0.01666518538268685 -0.056597113285880817 0.12060505181068697 0.12444554772426299 -0.029828127426241552 -0.03255619095321204 -0.16802653428512493 -0.12858277031202564 -0.3386458068347193 -0.03275731227905911 0.07876293659778077 0.11942501996577312 0.1379728923974526 0.14102943422980616 0.19910674752642377 -0.10685107214419064 -0.061810759946813905 -0.07037913977587858 -0.05877595144621437 -0.06080574154918841 -0.07484502910078271 nan 0.06160876245504707 -0.15782220939762523 nan nan nan nan nan nan nan 0.03451683591707372
Spearman coefficients: -0.12456700469096359 -0.2978317105742286 -0.26390379626697563 0.04729342900870781 0.017860359025825934 0.22199646929847794 0.21187696774911904 0.204971322903111 0.1110252719097147 0.1110252719097147 0.08143999249987235 0.15127607369824306 0.15127607369824306 -0.3573575172200046 -0.4303751948132876 -0.7957271035997348 0.406150664811494 -0.2764673917731461 -0.0566288478839241 0.012134500010128103 0.03257284933027703 0.02758261211083349 0.1067082559186838 -0.02205164470670206 -0.06609202844362533 0.12754584941277378 0.1272661130959188 -0.004988588074984377 -0.009965757138080436 -0.19256221827033593 -0.14280240694992669 -0.3370593538079782 -0.05070941732567771 0.07192796144509311 0.11633294301646187 0.11891272136467602 0.12262874390732216 0.18882089447546901 -0.13812773925988944 -0.07233257997064882 -0.06822365428576911 -0.05036419080954241 -0.04407555310370246 -0.09579733629258454 nan 0.05454459833453749 -0.19283860761984872 nan nan nan nan nan nan nan -0.08740661076383166
Kendall coefficients: -0.10884637290233863 -0.27398322780837236 -0.22339071174480693 0.04071549255317578 0.01537939812893458 0.21099376711744502 0.20161130052354875 0.20111716288658008 0.11047799421326948 0.11047799421326948 0.08083813248806389 0.14752071980171166 0.14752071980171166 -0.30153654231530863 -0.36350770266096255 -0.6971396979846746 0.34391802528229487 -0.23669772206416917 -0.05015328995434799 0.010526613340553964 0.029113607446783294 0.02469289772213461 0.09425979665035047 -0.020823168251814142 -0.05739159886636681 0.11165326413290756 0.11061579805712468 -0.004400511941332935 -0.008784199926765298 -0.16277003855739977 -0.12066263857239552 -0.2908396282586276 -0.044473506229551464 0.06324179116230882 0.10116737676393033 0.10327525285297384 0.10650260450462927 0.18358519140958068 -0.12216170262302771 -0.06644617626035859 -0.061856116272336135 -0.043778884201339706 -0.039187071026379805 -0.08379629985870073 nan 0.054144526082322945 -0.18266069339064878 nan nan nan nan nan nan nan -0.08026578146306726

Correlation coefficients for metric S130



Pearson coefficients: 0.6575011835262946 0.7307291683102992 0.36171705548269706 0.30584956035644395 0.31227911406848385 0.3612662494361429 0.3612662494361432 0.3282307143657468 0.2239570043823416 0.22395700438234173 0.4792558032651586 0.5208495668465808 0.5208495668465808 0.45488295850941135 0.5123659547415162 0.1287592612918416 0.5357619892087389 0.246522346815759 0.3979112128771107 0.42708898370245973 0.3086642223571852 0.3086642223571852 0.38137718818878236 0.42708898370245973 0.42708898370245973 0.17597253606241017 0.17597253606241017 0.3016789905982668 0.3016789905982668 0.1502128961512388 0.17304681513219464 0.4990487373175559 0.42708898370245973 0.20124611797498113 0.09891288879596292 0.40556412430340444 0.40556412430340444 0.22034807233216575 0.42708898370245973 0.3979112128771107 0.1488325414750728 0.3738504897002017 0.2266367562886877 0.1952392969169762 0.09397796263752767 0.8302397966224346 0.4699823467918896 0.9787768683434228 0.9790150125186241 0.16737891740635927 0.156649233191773 0.156649233191773 0.28843458239431674 0.3856185566011084 0.13736823236817572
Spearman coefficients: 0.48005304798756093 0.6298312980407154 0.359726082955481 0.3008307661453778 0.3070007043717109 0.387480685272577 0.387480685272577 0.3414593923067816 0.22395700438234173 0.22395700438234173 0.5061171996593116 0.5208495668465812 0.5208495668465812 0.4548829585094116 0.5094164522509677 0.1287592612918428 0.4575278711568384 0.26143042030653996 0.39791121287711073 0.4019950248448356 0.3585690042712616 0.3585690042712616 0.3480646346571135 0.4019950248448356 0.4019950248448356 0.31288030872013856 0.31288030872013856 0.49837089546496993 0.49837089546496993 0.21905566875767235 0.26327566167010386 0.4968791491790422 0.4019950248448356 0.3768703357920334 0.2916970310698309 0.506837055087842 0.506837055087842 0.21710212650578375 0.4019950248448356 0.39791121287711073 0.2749031445697185 0.32982851312850797 0.3151738797363847 0.3467755424129228 0.07176758673652373 0.8625194750549485 0.45457295165514494 0.9787768683434228 0.9790150125186243 0.19388562159412706 0.19629073477008788 0.19629073477008788 0.27443874901975995 0.40082901031328344 0.13549411193066088
Kendall coefficients: 0.456049617646803 0.6181041830559098 0.3533750032675237 0.2980740113496933 0.3041897345084217 0.38481277512600043 0.38481277512600043 0.3403382373905639 0.2239570043823417 0.2239570043823417 0.5036311297654313 0.5208495668465812 0.5208495668465812 0.45488295850941146 0.5047521167144362 0.12875926129184284 0.4450375311288766 0.2604654293198556 0.3979112128771107 0.4003476749895835 0.35377123004129474 0.35377123004129474 0.34551165954032126 0.4003476749895835 0.4003476749895835 0.3085658113251406 0.3085658113251406 0.49419973549339014 0.49419973549339014 0.216407852617376 0.2592821746916086 0.49452019044778883 0.4003476749895835 0.37532594530273455 0.2893113679336821 0.50470133664514 0.50470133664514 0.2160961621374523 0.4003476749895835 0.3979112128771107 0.2727549236588216 0.32661672798195124 0.3138184570225955 0.3443513384776909 0.07153194353997507 0.8116638556507495 0.4383220211331518 0.9787768683434229 0.9790150125186244 0.18893186139069595 0.19311130640191707 0.19311130640191707 0.27313674562260143 0.3957348013950538 0.13320316439166366

Correlation coefficients for metric S171



Pearson coefficients: nan nan nan nan nan 0.03714963411019736 0.049415061952108326 -0.01992670489080605 -0.03571603025920857 -0.048810913671083214 0.28682295159917376 0.21137226669772818 0.2172384476420227 -0.3220538404653978 -0.24024486860799937 -0.10387316421599917 -0.15598859047312144 -0.18673601450467156 nan nan nan nan nan nan nan nan nan nan nan 0.07462799394498529 -0.052332960347554774 -0.07779038978740409 nan nan nan nan nan 0.08394551463400875 nan nan nan nan nan nan -0.129161233013142 nan nan nan nan nan nan nan nan 0.47106434128065383 nan
Spearman coefficients: nan nan nan nan nan 0.03536229374972016 0.0472396820625922 -0.019749618873744643 -0.0323287996276263 -0.04565627922339531 0.286520215531124 0.21017761311480487 0.21538927749729614 -0.3450274418388574 -0.2292944185953902 -0.10565130618768213 -0.15828770078097093 -0.1867360145046714 nan nan nan nan nan nan nan nan nan nan nan 0.07561642812840706 -0.047897045062361344 -0.07976913997914607 nan nan nan nan nan 0.08408329203831164 nan nan nan nan nan nan -0.10473074223356926 nan nan nan nan nan nan nan nan 0.4710643412806541 nan
Kendall coefficients: nan nan nan nan nan 0.03440770264961018 0.04596597908587797 -0.01927562953168813 -0.031668728439714834 -0.04472208971252309 0.27422607549763206 0.2015873834335224 0.20658888619111296 -0.33737886256258665 -0.2213993039419088 -0.10424506321410065 -0.1545142080157321 -0.1842486842938413 nan nan nan nan nan nan nan nan nan nan nan 0.0752820834784383 -0.04768316485434157 -0.07945521577046602 nan nan nan nan nan 0.08368260799298824 nan nan nan nan nan nan -0.10430156236218774 nan nan nan nan nan nan nan nan 0.47106434128065416 nan

Correlation coefficients for metric S172



Pearson coefficients: nan 0.06959502590334986 0.15068910660061766 0.03743221709789393 0.05180612572390902 -0.12527101738695184 -0.12527101738695176 -0.13882335809839544 -0.002442480307623419 0.00462976817166868 -0.11699472330741932 -0.12674177036561804 -0.12674177036561812 0.46129966334392136 0.23680016143973417 -0.06346456243482487 -0.23877919464051822 0.032123878610551146 0.0932936423541481 -0.09099999999999997 -0.020202020202020197 -0.0202020202020202 0.08919644851833752 nan nan -0.08761778926142122 -0.08761778926142123 nan nan 0.06693494407520822 -0.06841404385598429 -0.1061724234679409 0.09145291883606758 nan -0.08964214570007951 -0.02020202020202019 -0.020202020202020197 -0.0168168198499078 nan nan -0.08437205738748234 -0.009999999999999998 0.0896421457000795 nan nan 0.08475187350114209 nan nan nan nan nan nan nan nan nan
Spearman coefficients: nan 0.07136531104045851 0.15238776092334017 0.042031497592907675 0.05644139277147366 -0.1333692427481853 -0.1333692427481853 -0.15097529947121405 -0.012014350320402191 -0.0034559538001876903 -0.11717378490219715 -0.12674177036561798 -0.12674177036561798 0.47488577134107407 0.24948969835432894 -0.060089324009120045 -0.24181069590814203 0.035312317453572405 0.09329364235414814 -0.09108473292176122 -0.020202020202020204 -0.020202020202020204 0.08929548818684131 nan nan -0.08761778926142118 -0.08761778926142118 nan nan 0.06693494407520824 -0.06841404385598425 -0.09533020210954485 0.09145291883606757 nan -0.08964214570007953 -0.020202020202020204 -0.020202020202020204 -0.017494587907710375 nan nan -0.08437205738748232 -0.01 0.08964214570007953 nan nan 0.08475187350114206 nan nan nan nan nan nan nan nan nan
Kendall coefficients: nan 0.07108445933763913 0.15098620185450376 0.04165600937664713 0.055937173814055455 -0.12743198805159978 -0.12743198805159978 -0.14406400294793226 -0.011563631205973245 -0.0033331041902967713 -0.11159266121474698 -0.12107114331703513 -0.12107114331703513 0.4630072392025339 0.24223004085221478 -0.05754886214553922 -0.23314108711369202 0.03384349382092448 0.09329364235414814 -0.09065029359111497 -0.020202020202020204 -0.020202020202020204 0.08886965687250348 nan nan -0.08761778926142119 -0.08761778926142119 nan nan 0.06693494407520825 -0.06841404385598425 -0.09376436790903081 0.09145291883606757 nan -0.08964214570007953 -0.020202020202020204 -0.020202020202020204 -0.017437145811572893 nan nan -0.08437205738748232 -0.01 0.08964214570007953 nan nan 0.08475187350114206 nan nan nan nan nan nan nan nan nan

Correlation coefficients for metric S173



Pearson coefficients: nan -0.06959502590334987 -0.15068910660061782 -0.03743221709789395 -0.051806125723909115 0.12527101738695168 0.12527101738695184 0.13882335809839544 0.002442480307623379 -0.0046297681716686665 0.11699472330741936 0.12674177036561807 0.126741770365618 -0.46129966334392125 -0.23680016143973417 0.06346456243482514 0.2387791946405183 -0.0321238786105512 -0.09329364235414812 0.09099999999999997 0.014213381090373739 0.014213381090373886 -0.08964214570007951 nan nan 0.08761778926142122 0.0876177892614212 nan nan -0.06693494407520822 0.06841404385598429 0.10617242346794115 -0.09145291883606756 nan 0.0896421457000795 nan nan 0.016816819849907766 nan nan 0.08437205738748234 nan -0.08964214570007951 nan nan -0.08475187350114213 nan nan nan nan nan nan nan nan nan
Spearman coefficients: nan -0.07136531104045851 -0.15238776092334017 -0.042031497592907675 -0.05644139277147366 0.1333692427481853 0.1333692427481853 0.15097529947121405 0.012014350320402191 0.0034559538001876903 0.11717378490219715 0.12674177036561798 0.12674177036561798 -0.47488577134107407 -0.24948969835432894 0.060089324009120045 0.24181069590814203 -0.035312317453572405 -0.09329364235414814 0.09108473292176122 0.01421338109037403 0.01421338109037403 -0.08964214570007953 nan nan 0.08761778926142118 0.08761778926142118 nan nan -0.06693494407520824 0.06841404385598425 0.09533020210954485 -0.09145291883606757 nan 0.08964214570007953 nan nan 0.017494587907710375 nan nan 0.08437205738748232 nan -0.08964214570007953 nan nan -0.08475187350114206 nan nan nan nan nan nan nan nan nan
Kendall coefficients: nan -0.07108445933763913 -0.15098620185450376 -0.04165600937664713 -0.055937173814055455 0.12743198805159978 0.12743198805159978 0.14406400294793226 0.011563631205973245 0.0033331041902967713 0.11159266121474698 0.12107114331703513 0.12107114331703513 -0.4630072392025339 -0.24223004085221478 0.05754886214553922 0.23314108711369202 -0.03384349382092448 -0.09329364235414814 0.09065029359111497 0.01421338109037403 0.01421338109037403 -0.08964214570007953 nan nan 0.08761778926142119 0.08761778926142119 nan nan -0.06693494407520825 0.06841404385598425 0.09376436790903081 -0.09145291883606757 nan 0.08964214570007953 nan nan 0.017437145811572893 nan nan 0.08437205738748232 nan -0.08964214570007953 nan nan -0.08475187350114206 nan nan nan nan nan nan nan nan nan

Correlation coefficients for metric S174



Pearson coefficients: nan nan 0.14048530492158814 -0.07307082208612219 -0.07590984733200817 -0.0034489594334627593 -0.003448959433462756 -0.07282190812544193 -0.10672757028257181 -0.1067275702825718 0.06545954870282901 0.24103144848751368 0.24103144848751373 -0.018518606722731045 nan 0.036311596223333464 -0.04774552605594229 0.12875926129184273 nan 0.49244289008980524 -0.020202020202020197 -0.0202020202020202 nan nan nan -0.01421338109037403 -0.014213381090374025 nan nan nan nan -0.03496029493900507 nan -0.009999999999999997 -0.010000000000000002 -0.023902386925490602 -0.023902386925490602 -0.009999999999999997 nan nan nan 0.7035623639735145 nan nan nan nan nan nan nan nan nan nan nan nan nan
Spearman coefficients: nan nan 0.14048530492158814 -0.07307082208612216 -0.07590984733200817 -0.0034489594334627498 -0.0034489594334627498 -0.07282190812544191 -0.11102901007142718 -0.11102901007142718 0.065459548702829 0.24103144848751365 0.24103144848751365 0.032108269788883446 nan 0.036311596223333485 -0.04774552605594227 0.1287592612918428 nan 0.49244289008980524 -0.020202020202020204 -0.020202020202020204 nan nan nan -0.01421338109037403 -0.01421338109037403 nan nan nan nan -0.03496029493900505 nan -0.01 -0.01 -0.024865724495133676 -0.024865724495133676 -0.01 nan nan nan 0.7035623639735145 nan nan nan nan nan nan nan nan nan nan nan nan nan
Kendall coefficients: nan nan 0.14048530492158814 -0.07307082208612216 -0.07590984733200816 -0.0034489594334627498 -0.0034489594334627498 -0.07282190812544193 -0.11066445509567026 -0.11066445509567026 0.065459548702829 0.24103144848751368 0.24103144848751368 0.032002844823759896 nan 0.036311596223333485 -0.047745526055942275 0.12875926129184284 nan 0.49244289008980524 -0.020202020202020204 -0.020202020202020204 nan nan nan -0.01421338109037403 -0.01421338109037403 nan nan nan nan -0.03496029493900505 nan -0.01 -0.01 -0.024784079854830485 -0.024784079854830485 -0.01 nan nan nan 0.7035623639735145 nan nan nan nan nan nan nan nan nan nan nan nan nan

Correlation coefficients for metric S179



Pearson coefficients: nan -0.06959502590334986 -0.15068910660061763 -0.03743221709789393 -0.05180612572390902 -0.03360796162695639 -0.054104858854270764 0.02470578378939967 -0.07005368200756584 -0.05938761371288827 -0.18762179814119134 -0.16277900249049124 -0.16602159420200754 0.30510019559840956 0.10997073110976409 0.023568301597230498 0.025855271701134268 0.13436813064109115 -0.09329364235414804 0.09099999999999997 0.01421338109037458 0.01421338109037463 -0.08964214570007943 nan nan 0.08761778926142122 0.08761778926142123 nan nan -0.07473738579239325 0.04607284339979277 -0.010480137045090123 -0.09145291883606761 nan 0.0896421457000795 nan nan -0.08037633511358856 nan nan 0.08437205738748234 nan -0.08964214570007943 nan -0.12916123301314097 0.433457183163561 -0.23954356881926306 nan nan nan nan nan nan 0.47106434128065394 nan
Spearman coefficients: nan -0.07136531104045851 -0.15238776092334017 -0.042031497592907675 -0.05644139277147366 -0.036268034838700565 -0.05541899536521567 0.027432964158686273 -0.06734700161846709 -0.05297468469192482 -0.2123643882350124 -0.1674765587300419 -0.1706964032927128 0.30390811824993264 0.11730375160399927 0.042494028938696145 0.030965196716790714 0.1342579174446194 -0.09329364235414814 0.09108473292176122 0.01421338109037403 0.01421338109037403 -0.08964214570007953 nan nan 0.08761778926142118 0.08761778926142118 nan nan -0.07558685644747276 0.0465456516709962 -0.02546018094815553 -0.09145291883606757 nan 0.08964214570007953 nan nan -0.081269128496775 nan nan 0.08437205738748232 nan -0.08964214570007953 nan -0.10473074223356926 0.43836762560687853 -0.24196387581295822 nan nan nan nan nan nan 0.4710643412806541 nan
Kendall coefficients: nan -0.07108445933763913 -0.15098620185450376 -0.04165600937664713 -0.055937173814055455 -0.03232167147448395 -0.04943740000287419 0.024397501823713332 -0.060454281132315074 -0.047609802915440244 -0.18788933471941277 -0.14922908233911744 -0.15195083917939048 0.27875840557265463 0.1078323026231239 0.03797099584799832 0.027807249329489792 0.11986364928802073 -0.09329364235414814 0.09065029359111497 0.01421338109037403 0.01421338109037403 -0.08964214570007953 nan nan 0.08761778926142119 0.08761778926142119 nan nan -0.07495653780845359 0.04615141631592525 -0.024736024773706764 -0.09145291883606757 nan 0.08964214570007953 nan nan -0.08014602645159727 nan nan 0.08437205738748232 nan -0.08964214570007953 nan -0.10430156236218774 0.4254039629014046 -0.23880235308493747 nan nan nan nan nan nan 0.47106434128065416 nan

Correlation coefficients for metric S183



Pearson coefficients: nan nan nan nan nan nan nan nan nan nan nan nan nan nan nan nan nan nan nan nan nan nan nan nan nan nan nan nan nan nan nan nan nan nan nan nan nan nan nan nan nan nan nan nan -0.15311589492504438 nan nan nan nan nan nan nan nan 0.47106434128065383 nan
Spearman coefficients: nan nan nan nan nan nan nan nan nan nan nan nan nan nan nan nan nan nan nan nan nan nan nan nan nan nan nan nan nan nan nan nan nan nan nan nan nan nan nan nan nan nan nan nan -0.15311589492504407 nan nan nan nan nan nan nan nan 0.4710643412806541 nan
Kendall coefficients: nan nan nan nan nan nan nan nan nan nan nan nan nan nan nan nan nan nan nan nan nan nan nan nan nan nan nan nan nan nan nan nan nan nan nan nan nan nan nan nan nan nan nan nan -0.15311589492504407 nan nan nan nan nan nan nan nan 0.47106434128065416 nan

Correlation coefficients for metric S204



Pearson coefficients: -0.27996959686099393 -0.45499254355661134 -0.21804882210441462 -0.25657486168514576 -0.2351509659164426 -0.03559570029121564 -0.03906125843315636 -0.04362559278685021 0.18332000661409578 0.18745852310531216 -0.2153979844724416 -0.18319491810865496 -0.18579411280014607 -0.458951176299165 -0.23617706623393192 0.13668237718570392 0.061545798422591357 0.18552493824628388 0.019896804233016388 -0.12512483182555456 -0.3025990075145642 -0.302599007514554 -0.4168029934181988 0.017349208191660057 0.021773242157952063 -0.18567045540158583 -0.18567045540152263 -0.16145906517353273 -0.16145906517357955 -0.448655314623035 -0.39791121287707254 -0.036385874463321304 -0.38345141479000916 -0.25018281538090326 0.025961087531122043 -0.4854891525451989 -0.48548915254533426 -0.23371780110651524 -0.0952201786199497 -0.4309832170472072 0.02998800719515198 -0.20362321570892455 -0.17422850469281487 -0.31643474743305877 0.04163727427351715 -0.17651512982471196 nan nan nan nan nan nan nan -0.8440261227730287 nan
Spearman coefficients: -0.24849203529366284 -0.46197670254878426 -0.25868189692288335 -0.28616049726977544 -0.26939589451643514 0.02327206151886799 0.01615833099237378 -0.049814095819330946 0.14742857978788967 0.15711994159296963 -0.21599202766040873 -0.16668115040283607 -0.17043590632724784 -0.4204412328413359 -0.28980200405018497 0.14029601068747127 0.06006292996354778 0.17549013232447205 0.020302779032567456 -0.3809387591999654 -0.3583374193936027 -0.3583374193936027 -0.3515836450508073 0.017494587907710375 0.02281424501765495 -0.35142809487343035 -0.35142809487343035 -0.258857479072204 -0.258857479072204 -0.6227825115487147 -0.5568845470058166 -0.0186241782467926 -0.4380064186977133 -0.3893313051558895 0.029298637087567272 -0.5622674978011154 -0.5622674978011154 -0.3227884605545489 -0.3767526189889768 -0.43801544668651604 0.031240201384129012 -0.3054123862247491 -0.47713964926209934 -0.39349717983293125 0.061588439590415524 -0.18752175889220718 nan nan nan nan nan nan nan -0.8615085430203057 nan
Kendall coefficients: -0.23304574996765648 -0.44598916339985434 -0.23584767992860117 -0.25770898465718917 -0.24216431019733553 0.021338275450519563 0.014836733550860222 -0.0458411667200992 0.13749630067145857 0.14627622377184224 -0.2001328055802344 -0.1521216278508916 -0.155777064523553 -0.3938951063433586 -0.2709318119730622 0.1277846900949381 0.05601335523495152 0.15997607195613475 0.020203050891044218 -0.37688349178597486 -0.35125008665710444 -0.35125008665710444 -0.34641016151377546 0.017437145811572893 0.02265716272147219 -0.3440118542203972 -0.3440118542203972 -0.25694926257118716 -0.25694926257118716 -0.6142355746525829 -0.5492419799885548 -0.01837333529468698 -0.43412700638028917 -0.3858290133449354 0.02886751345948129 -0.5562819029864331 -0.5562819029864331 -0.3180532891463978 -0.372741914953162 -0.43457158100408894 0.030815413082905533 -0.30042704647952434 -0.4753784331787232 -0.38930822228441364 0.06116438639462977 -0.1869060460238058 nan nan nan nan nan nan nan -0.8586798478368298 nan

Correlation coefficients for metric S205



Pearson coefficients: 0.01665895597187946 -0.025810207627381142 -0.13710294376779622 -0.046905819708907746 -0.06064222690128258 0.07876197580002761 0.0787619758001547 -0.03966328179058224 -0.03308601904696601 -0.050804923303751255 0.2917361822255702 0.09809804158239968 0.10528437716671296 -0.40183628763579954 -0.359073298541672 0.05167255984815329 -0.07597322771574952 -0.12085624851147879 -0.08438856892140333 0.09134029410593376 0.014213381090325617 0.014213381090186874 -0.08964214570011642 -0.014213381090141303 -0.010000000000144784 0.04771120539023334 0.047711205390276915 0.7035623639737336 0.7035623639736366 0.37785306737098334 0.4201557738552073 -0.4921267540634926 -0.08941843590854237 nan 0.08953377222474011 nan nan 0.03368812481524432 -0.00999999999984005 0.014213381090141303 0.08437205738752941 nan -0.05657872366579873 1.0000000000000133 0.01788832855614007 -0.08687818761041408 -0.2940121075212918 -0.34421575023697937 -0.3404902820146123 0.007061345539891228 0.02421918514979498 0.024219185149783534 -0.2925683425965981 -0.14750991857440712 -0.04826560380599558
Spearman coefficients: 0.014270414335623665 0.06769264640623404 -0.11731832422733819 -0.07960890846501922 -0.09218500775504086 0.0652915286963436 0.0652915286963436 -0.028916274638612353 -0.034220637059649894 -0.05308052181511189 0.31144192347885996 0.09843581058642516 0.10516507386568037 -0.4293174071300734 -0.37200979015880736 0.046155806962207745 -0.091981324887451 -0.13254226471726163 -0.08223891299785858 0.09108473292176122 0.01421338109037403 0.01421338109037403 -0.08964214570007953 -0.01421338109037403 -0.01 -0.035761326516197435 -0.035761326516197435 0.7035623639735145 0.7035623639735145 0.5751253395636866 0.6225643246317208 -0.4622079128777309 -0.08859536346386311 nan 0.08929548818684131 nan nan 0.03489335719806417 -0.01 0.01421338109037403 0.08437205738748232 nan 0.019801028896035047 1.0 0.014786831562627823 -0.05218561424715829 -0.3042581920658397 -0.39538413488915153 -0.3940013577329909 0.0041796512552617114 0.02192645048267573 0.02192645048267573 -0.30264768438488093 -0.15005744514920874 -0.08162266028565836
Kendall coefficients: 0.014144021619021554 0.0669803332282868 -0.11524844526203325 -0.07821110468397297 -0.09056638799400753 0.05822140711924886 0.05822140711924886 -0.0259990066240976 -0.030578927948481358 -0.047455475311913256 0.27661308027996145 0.08763927714362671 0.09352042391775811 -0.40108355050845496 -0.3460516289361057 0.040877184191080926 -0.08159299828993884 -0.11837533373286768 -0.081114946001042 0.09065029359111497 0.01421338109037403 0.01421338109037403 -0.08964214570007953 -0.01421338109037403 -0.01 -0.035432933563515595 -0.035432933563515595 0.7035623639735145 0.7035623639735145 0.5676311351871062 0.6140553138585408 -0.44206967043076534 -0.08776416408493604 nan 0.08886965687250348 nan nan 0.03429138275137023 -0.01 0.01421338109037403 0.08437205738748232 nan 0.019706585563285865 1.0 0.013322389904838177 -0.0464773945423788 -0.282102806737423 -0.3761254273448381 -0.3756162960344537 0.0038398503900558666 0.020096696776453517 0.020096696776453517 -0.2854230649541321 -0.13383722526484823 -0.07641225639974279

Correlation coefficients for metric S206



Pearson coefficients: 0.01665895597187946 -0.025810207627381142 -0.13710294376779622 -0.04168196657024662 -0.055139012045907494 0.01864766865130347 0.018647668651258397 -0.0860069766316271 -0.08011839594118669 -0.09283320971781825 0.2834069836668033 0.09883279887796766 0.1058072287563803 -0.31410559471308697 -0.3191129486486111 -0.021308093992625406 -0.16576353815590286 -0.09460841027077768 -0.08438856892140333 0.09134029410593376 0.014213381090325617 0.014213381090186874 -0.08964214570011642 -0.014213381090141303 -0.010000000000144784 0.04771120539023334 0.047711205390276915 0.703562363973344 0.703562363973415 0.25437008867361366 0.2874643477216606 -0.402116417552862 -0.08941843590854237 nan 0.08953377222474011 nan nan 0.029988007195197744 -0.00999999999984005 0.014213381090141303 0.08437205738752941 nan -0.05657872366579873 1.0000000000000133 0.33733351982003584 -0.14333376994514296 -0.27582204847358915 -0.8514205985817641 -0.870771074707257 0.00515849665173437 0.007409508251772526 0.007409508251802485 -0.12786968596684653 -0.17991977191505087 -0.058664332995745354
Spearman coefficients: 0.014270414335623665 0.06769264640623404 -0.11731832422733819 -0.06519187426346935 -0.07692297530063066 0.009923926471732441 0.009923926471732441 -0.07847255502420268 -0.0471657086848281 -0.0590158771604066 0.2797830854678874 0.09392161161308765 0.10066906916113501 -0.3301828249343801 -0.3543253770811585 -0.027450924212436854 -0.17708206876279878 -0.10728871866357723 -0.08223891299785858 0.09108473292176122 0.01421338109037403 0.01421338109037403 -0.08964214570007953 -0.01421338109037403 -0.01 -0.035761326516197435 -0.035761326516197435 0.7035623639735145 0.7035623639735145 0.4400514384997402 0.48449566712031694 -0.4255756560189675 -0.08859536346386311 nan 0.08929548818684131 nan nan 0.03309786168832427 -0.01 0.01421338109037403 0.08437205738748232 nan 0.019801028896035047 1.0 0.3308057336247486 -0.08253042903049988 -0.24947232910855718 -0.8214432201299856 -0.8400957874805887 0.005264333993516089 0.007338851317497574 0.007338851317497574 -0.1435950670094931 -0.1952410867582205 -0.09306538490192434
Kendall coefficients: 0.014144021619021554 0.0669803332282868 -0.11524844526203325 -0.0640625616732619 -0.07559044597140567 0.008799844335650448 0.008799844335650448 -0.0698725766715012 -0.041961880679678265 -0.05248028022769209 0.2492829594298291 0.08391246880816779 0.08983809681969851 -0.31177495595299315 -0.33199615193996057 -0.024714565032259325 -0.1587517606413005 -0.09543265052634856 -0.081114946001042 0.09065029359111497 0.01421338109037403 0.01421338109037403 -0.08964214570007953 -0.01421338109037403 -0.01 -0.035432933563515595 -0.035432933563515595 0.7035623639735145 0.7035623639735145 0.43068091818529164 0.4735919014129914 -0.40209731446521313 -0.08776416408493604 nan 0.08886965687250348 nan nan 0.03258176062255373 -0.01 0.01421338109037403 0.08437205738748232 nan 0.019706585563285865 1.0 0.298957839863138 -0.07361940544018573 -0.23409312848793873 -0.7719558884249695 -0.7894847435517582 0.004896274355781409 0.006791886097656457 0.006791886097656457 -0.136799113613015 -0.17490152508523593 -0.08725966840481773

Correlation coefficients for metric S157



Pearson coefficients: -0.4744911062020706 -0.5845822125286154 -0.345938596718795 -0.2030729436840661 -0.198065864709683 0.09427398462852436 0.08579308326130526 0.0233734665632099 0.33467756468470483 0.3240771806383976 -0.07487326632580138 0.020132250530882863 0.020919356819576376 -0.3712696239223267 -0.4070621475008362 0.23209406581988357 -0.06676499937633391 0.3283983314360516 -0.20212341444150922 -0.1541977196423381 -0.15717079159734051 -0.15679619230009154 -0.30514888655463734 -0.22715530045360582 -0.2667886240597665 -0.16811120140666208 -0.16206658802188398 -0.30658058942395466 -0.3065824364774929 -0.2964408320755735 -0.34423647715218797 -0.09593209106858692 -0.24717453257605057 -0.17104854053244 -0.04153565819900867 -0.3266282818227408 -0.32620587376662175 -0.06458976836022293 -0.26728215888312884 -0.2942824438856741 -0.09079336234156417 -0.09396379503467352 -0.1665555863352208 -0.24207664903237838 -0.7017397957769478 -0.6068876716287176 -0.3373711853576118 -0.9669633836464905 -0.9673415589899217 -0.1950788127171408 -0.19916473239051713 -0.19916473239051768 -0.17781533260337956 0.09615067778966098 -0.16449117856549939
Spearman coefficients: -0.45713049746018286 -0.49899657171077627 -0.3834465548486051 -0.23292192758618996 -0.22077164235403557 0.14140995479538335 0.13014453552935706 0.01171988476071344 0.348423743447022 0.3356787623684044 -0.09047568173238724 0.018061468126421558 0.019399637435074543 -0.34814750404423256 -0.41110225708801335 0.20898398060496587 -0.09297552455714579 0.30221748434440904 -0.1620971161169686 -0.1568974752942459 -0.19887100474785596 -0.19886806717549887 -0.16888153575755033 -0.1586846875682476 -0.16036842929666187 -0.19324771047524145 -0.1932312775335688 -0.22791136540718784 -0.227191819626248 -0.26693495070835643 -0.3028550747379831 -0.0016629666116980692 -0.168969895880603 -0.15509665603612074 -0.14216942048100736 -0.24181614052171532 -0.24180964651782405 -0.11347327049854382 -0.155107602103725 -0.16599377905915066 -0.14367915049229218 -0.14773032229638058 -0.14833743398333166 -0.15488412400485257 -0.7825333545274028 -0.7313227575167073 -0.27032469168572026 -0.8260085625438673 -0.8309464210575124 -0.2650053731064357 -0.2940429026497762 -0.2940429026497762 0.0946119591104254 0.10809914865660479 -0.16663336389966132
Kendall coefficients: -0.3813035413684133 -0.452025479530733 -0.31981012056851504 -0.19467871400637798 -0.18442714180800104 0.11683060665854232 0.10753347512430272 0.009690031662230186 0.2880743128905684 0.27768753493198184 -0.07501199299594549 0.014959061724712647 0.016070386585864904 -0.29052026112903095 -0.344343507244259 0.17288937339756724 -0.07691830685066213 0.24954919655949845 -0.137508632493643 -0.13375123534921915 -0.16805720728110768 -0.16802140853594041 -0.14337540531525997 -0.13541130616417665 -0.13639648404706073 -0.16290408565823017 -0.1628184323131962 -0.20358112331084652 -0.2024827970982428 -0.23679928240662934 -0.26866419770378697 -0.001427537566546852 -0.14945130517598995 -0.13160088943005388 -0.12240169397543908 -0.2094899623810904 -0.20941892073691307 -0.09529257800132619 -0.13175592132142527 -0.14261795406263128 -0.12559032550957025 -0.12346334954534607 -0.12641592188813874 -0.13079240263531064 -0.6533093134501171 -0.6089083452872901 -0.22590026081226983 -0.7426988786048727 -0.7469934636381745 -0.2339043526756351 -0.26692764128563323 -0.26692764128563323 0.08311254435312268 0.09016095690273428 -0.13906899365013486

Correlation coefficients for metric S158



Pearson coefficients: 0.604602012958412 0.7594075276173069 0.4105419780888187 0.2919538347108984 0.3032071627460858 0.05611428693115139 0.07171704333781827 -0.04863435254636105 0.016594976127849163 0.0043101523856152076 0.2402717580533053 0.1712087082318471 0.17583309231096172 -0.014617589981228366 0.02565569477315666 -0.02383102848233177 -0.188743134163426 -0.11158783632615082 0.3504682393944079 0.19694651166728835 0.3182247964135832 0.3147559955732408 0.27904648401969306 0.39433719656405847 0.3760345021392357 0.15144792806488558 0.16884794009985257 0.43012226186114355 0.430215015740865 0.47899382227902976 0.3507355990194018 -0.12910918777614439 0.3598248898099282 -0.04607496725087308 0.030370289859881047 0.1914504339384811 0.19216305361074298 0.037096829477870706 0.3457685071183599 0.30658386545210364 0.06490481816490928 -0.05377133075569831 0.2598464148259581 0.17805084926916598 -0.5799269074027915 -0.59159251445547 -0.33373870615108486 -0.9682730921304821 -0.9686414134721341 -0.17927198300588862 -0.18335724034570083 -0.18384042753167004 -0.18770431493408435 0.3883154815867834 -0.15523174536113443
Spearman coefficients: 0.49385673247942585 0.49130905629338006 0.3607369808782599 0.2286260993526088 0.23288215955105038 0.07613228702114373 0.0916710906893149 -0.031389712846731845 0.1212661272334544 0.10324515476532495 0.25071578090744634 0.1598257291326309 0.16517554433372317 0.01497350379944719 0.1644571391136025 -0.013672735658459187 -0.21935328764939635 -0.0413707183873253 0.16195460558801686 0.16529443209762723 0.22455629096071433 0.224338806217154 0.15795404461245638 0.16523395977006977 0.16495068117987816 0.10778727025200054 0.16381869935733964 0.23249261420639594 0.2317804101655474 0.352859671477103 0.25757078524577065 -0.13725834164281372 0.16538378659046699 0.003438362574558752 0.10363726000374401 0.2189770254802852 0.21870838626837477 -0.027487843336068837 0.16002769012134233 0.1560702676987652 0.14839675209046763 -0.05352078575135975 0.154901839505579 0.15481196212336187 -0.77676946678855 -0.7126346481010107 -0.26233416630299805 -0.8286830900677367 -0.8340760216590541 -0.22786585210531654 -0.2450040415726617 -0.2460623097465993 0.049652131389863415 0.23009821173766282 -0.1545915639873119
Kendall coefficients: 0.4094450785176596 0.44090478316076087 0.30270198006569493 0.19074701775721314 0.19414408900036056 0.06271381923054996 0.07553518107553671 -0.025898185317648273 0.10007613474628772 0.08520413948987346 0.20709779208614598 0.13176496529437315 0.13617550806573292 0.012452726360005837 0.13898028277938726 -0.011273557015888573 -0.18101335758062997 -0.03413364331411283 0.13676435106514148 0.1452651698916329 0.19306892067658923 0.19253342033678997 0.13152254968257385 0.1391889175236457 0.1383337002490164 0.09107710728901008 0.13771061485416006 0.2051751981252844 0.20422667273187092 0.3093379964470384 0.22575054944928716 -0.11753646903541846 0.14599496684818028 0.0028924817256745497 0.08818762770278185 0.19161270664094066 0.19120926383521994 -0.02300551389623661 0.1346412826541697 0.13383731964271547 0.13519136668637147 -0.04573684451787086 0.13017529218158364 0.1302025340553111 -0.6469103309501585 -0.5959709483104156 -0.22119037440800826 -0.7525355706884093 -0.757373475191306 -0.19883662409243794 -0.2178671430640078 -0.2188135972116869 0.043876769042948495 0.19162176668524883 -0.12909944487358058

Correlation coefficients for metric S159



Pearson coefficients: 0.6186573041013258 0.5632743941610479 0.057119850714883805 0.11042372795242815 0.10296566585625518 0.1292512702054675 0.1324253256369761 0.09870356401583003 0.09480658810250052 0.07857711931721265 0.15396155727941893 0.11201141252694084 0.11135722735688625 -0.33041286513813406 -0.060959599480571225 0.0888449584921545 0.32731603008505056 -0.08877189181549772 0.040109952127542314 0.3539911555467513 0.36181363656819626 0.3616821872247817 0.3243077933110019 0.39462238747231476 0.37481080128774713 0.1526850134794408 0.1554281616193478 0.42414544886113825 0.4242319818397379 0.18886554510106668 0.2676719777821143 0.3799904606964631 0.20132297491537873 0.2231658200651676 0.1059977441858901 0.21945225413529862 0.2172964523312605 0.10575928801622715 0.3490160645042359 0.3030906610859875 0.12212179108041442 0.39078732043622644 0.1507563759920909 0.17879964365535944 0.031231390071004058 0.6177058576936663 0.5432846229094169 0.9552267186274581 0.9556900909171393 0.11384507022587644 0.07526193261662169 0.07297289403786825 0.30990386278286175 -0.39614908372007296 0.12688704102762208
Spearman coefficients: 0.4938509714032562 0.4420934864385312 -0.009078818993583395 0.07372286358419784 0.061524397837837634 0.06525206442407365 0.06874791096904286 0.029714382763106176 0.012013036534957493 -0.00675733305091359 0.1194534736979819 0.1223763096615128 0.12103851102369176 -0.22837691544698324 -0.006938270599840835 0.1626738134900461 0.4072499362611883 -0.17493223635452698 0.0 0.1796552291333401 0.22031177795278942 0.22002453048837836 0.1649794136922075 0.1650732884495646 0.16148494498686616 0.1587282714860752 0.15870508180396226 0.23172221395280126 0.23103601910195093 0.28904281071803817 0.3197221508526403 0.433568313090049 0.15888230769739395 0.16509068798812723 0.1545243199449178 0.23257219349677155 0.23255294923957104 0.10152324082005683 0.1617612223468288 0.1617455390165946 0.18004459240680185 0.1683256607433399 0.15359713240435569 0.15472314650035995 -0.5282371913573118 0.6014983792140883 0.501269244117804 0.8262690661909046 0.8312310210288031 0.07618600474795247 0.03606880491177209 0.03306239491119841 0.3813200253734543 -0.22499152302405165 0.1253828775145987
Kendall coefficients: 0.4094865350133379 0.39575965746935704 -0.007526538220125514 0.06166342261444473 0.051401806802904154 0.05368508213068474 0.05656670084355818 0.024507132170877122 0.009907715248476582 -0.005573089827268077 0.09861660518266564 0.10085083362624532 0.09973867332645597 -0.1887819203255892 -0.005735560591091628 0.1340861940621058 0.33565188800316687 -0.14409966021121895 0.0 0.1576612566134674 0.1897154402589574 0.18909972068212136 0.14588479580984012 0.13863628982000833 0.13501789839247774 0.13260529657349254 0.13261895806805035 0.2037194025179602 0.20274100185011062 0.25436519708226635 0.2810996387196809 0.3714219057038489 0.13498793950034566 0.1383624329734407 0.12858455011338973 0.20101918433725968 0.2008798617947026 0.0851946698830414 0.13620327893764353 0.14244501101240664 0.16319055872014412 0.14035851531172885 0.13458875051748728 0.13002576691801288 -0.4373651346595987 0.4971407124634378 0.41543454679751224 0.7254397400024437 0.7301185349534199 0.06379054261513747 0.030110735109612367 0.027595831948389195 0.3201969616909165 -0.18774707084707237 0.10463866422774301

Correlation coefficients for metric S163



Pearson coefficients: nan nan nan nan nan nan nan nan nan nan nan nan nan nan nan nan nan nan nan nan nan nan nan nan nan nan nan nan nan nan nan nan nan nan nan nan nan nan nan nan nan nan nan nan nan nan nan nan nan nan nan nan nan nan nan
Spearman coefficients: nan nan nan nan nan nan nan nan nan nan nan nan nan nan nan nan nan nan nan nan nan nan nan nan nan nan nan nan nan nan nan nan nan nan nan nan nan nan nan nan nan nan nan nan nan nan nan nan nan nan nan nan nan nan nan
Kendall coefficients: nan nan nan nan nan nan nan nan nan nan nan nan nan nan nan nan nan nan nan nan nan nan nan nan nan nan nan nan nan nan nan nan nan nan nan nan nan nan nan nan nan nan nan nan nan nan nan nan nan nan nan nan nan nan nan

Correlation coefficients for metric S164



Pearson coefficients: 0.4255465833442637 0.5439062018156584 0.29338428502490166 0.25877864862548255 0.2637701684661012 -0.01485629088675395 -0.016335211668059582 -0.021622518593816854 0.10387612054763412 0.0963482070263696 -0.02828112240531082 -0.03066730178120919 -0.03333910855537951 0.05604396039933133 0.24279869660910847 0.2574650184704948 0.195845458022311 -0.009634866931037272 0.16120602229965617 0.2504424250528171 0.33893686571173476 0.3396015732623515 0.17983611322633147 0.24284939703122385 0.18886620884604544 0.114901409038176 0.1358544812795377 0.32406969716734896 0.32475562129119545 0.26981935209204855 0.3109887620074575 0.36770055711671196 0.1815258536374191 0.24762759242890214 0.13804673292879657 0.23765957357101333 0.23555622949497487 0.07941610866584826 0.28337775704648904 0.22907802165098934 0.1578069478186944 0.3522592755512801 0.1926209990120177 0.2702313884655536 -0.05214389554353511 0.5874163197053569 0.6039766747700723 0.8828985665117082 0.8842547768201752 0.07805561340234089 0.024337748645340176 0.020845853268153514 0.2708951737581092 -0.03984733760109078 0.1886528415611369
Spearman coefficients: 0.43286532135563754 0.4322328209476163 0.3578819904148457 0.11851768789644701 0.11915285612741985 -0.01242907325602083 -0.013205890334522132 -0.02929476082365219 0.036411122475104626 0.023648392102381986 -0.019663696279143616 0.00200617485560149 -0.003343624759335817 0.047645122352601633 0.22930002822383425 0.33764680965714283 0.3490835781641572 -0.09851697048307614 0.16230128830891652 0.17216315215324998 0.22790488481037569 0.22790086024880635 0.16736210578591829 0.1755989379947433 0.17013423698424565 0.11506332775346038 0.13179493987158356 0.23698914670233687 0.23661239104760576 0.28968615682486376 0.3309713127536236 0.4053477534061806 0.17013572947056715 0.16546076048997457 0.16484759391874113 0.22705509031579077 0.22705509031579077 0.08778285848377189 0.17275632610932826 0.17631415006097406 0.176527809235485 0.16840241439103043 0.158798861347679 0.16162763754274798 -0.009873236249693072 0.5618283777099748 0.5192514280345528 0.8370806633652944 0.8425341787863402 0.08452190134986935 0.0100555245915751 0.006032817595433396 0.3458557515485242 -0.09711640149253467 0.16491645789644183
Kendall coefficients: 0.3576689719939254 0.3878294918245207 0.29634434522340175 0.09835069123391495 0.09890615237738955 -0.010228785578887133 -0.01086808467756758 -0.0241522945769824 0.02999376408749865 0.019478541696437743 -0.016234814486518676 0.0016539535392599137 -0.002756589232099856 0.03944340563220663 0.18942297931402832 0.27881669217042454 0.2878166989403465 -0.08122742362729972 0.137156872465315 0.14474523737201656 0.1920360749971495 0.19197530729086654 0.14133876126259265 0.15305126468886984 0.14209713072819818 0.09685648024067725 0.10956784787971999 0.2024584576773441 0.20174162973025495 0.2471708339350012 0.28213585706043753 0.3445162841066884 0.14218503493130294 0.1404794482290286 0.13708691471460954 0.18992331492113954 0.18992331492113954 0.07382780536443401 0.14588051152682585 0.1526050761565522 0.15628816094818165 0.1407052941362897 0.13385447125524486 0.1354658130323633 -0.008122951025799711 0.46332257421462286 0.43426285670849657 0.7460664789010345 0.7514109285642259 0.07184212081070995 0.008534299789405904 0.005116746488889844 0.2931492823969301 -0.08211883334671906 0.13766359232364134

Correlation coefficients for metric S165



Pearson coefficients: nan nan nan nan nan nan nan nan nan nan nan nan nan nan nan nan nan nan nan nan nan nan nan nan nan nan nan nan nan nan nan nan nan nan nan nan nan nan nan nan nan nan nan nan nan nan nan nan nan nan nan nan nan nan nan
Spearman coefficients: nan nan nan nan nan nan nan nan nan nan nan nan nan nan nan nan nan nan nan nan nan nan nan nan nan nan nan nan nan nan nan nan nan nan nan nan nan nan nan nan nan nan nan nan nan nan nan nan nan nan nan nan nan nan nan
Kendall coefficients: nan nan nan nan nan nan nan nan nan nan nan nan nan nan nan nan nan nan nan nan nan nan nan nan nan nan nan nan nan nan nan nan nan nan nan nan nan nan nan nan nan nan nan nan nan nan nan nan nan nan nan nan nan nan nan

Correlation coefficients for metric S178



Pearson coefficients: 0.5006255816803747 0.6861357809333115 0.3267433709577113 0.14470898537022556 0.15337432054535047 -0.1210965607104072 -0.1253745598294845 -0.11763491481640999 -0.0343494051739487 -0.015406351905133342 -0.23427224965002938 -0.15540119911963515 -0.15985765724738243 0.2149982586864707 0.23220892784777802 -0.021914665426101286 0.24880808880665764 -0.003848513441283388 0.3060916045702574 nan -0.014213381090374018 -0.014213381090374016 0.3750991077649741 0.43162978014013653 0.4265199239266505 0.11708966098194196 0.117089660981942 0.4467653120376046 0.44676531203760456 0.31728650964441624 0.27507696166808526 0.4146814951845672 0.4081864213723038 nan -0.014212764441633633 nan nan -0.03245091395228429 0.4341730155393367 0.3730182527529457 nan nan 0.25560438369874966 0.18676106083962807 0.09197911022524692 0.6277598182486227 0.3469744588038276 0.9599767430159917 0.9604221910825247 0.08617960040293221 0.0733739299953045 0.07349199054221187 0.19748443383357916 -0.2669139631089194 0.16829762492442557
Spearman coefficients: 0.5551814554486907 0.6766338327962339 0.2970256942109353 0.09166697121122504 0.10020122970241876 -0.11040546476696883 -0.11793823379799195 -0.12510300936211863 -0.06445810747731688 -0.044156313922622675 -0.2500688689484179 -0.15398889993715792 -0.15843918498137882 0.32985196539005823 0.278674345327322 -0.027591000855018935 0.24438692098052014 0.036617426239865976 0.37674608240048807 nan -0.01421338109037403 -0.01421338109037403 0.3583515074814471 0.4018624878938539 0.3934835259812007 0.24988799459287828 0.24988799459287828 0.5592828338728641 0.5592828338728641 0.5062424641780702 0.44713894777803614 0.49548844883386484 0.385111536066707 nan -0.014212670403551895 nan nan -0.03488675403785701 0.42887244561572024 0.37674608240048807 nan nan 0.37676569318671427 0.3767395461522134 0.02908426825019427 0.7259297737095671 0.28114329887314654 0.8598528616376653 0.8678203267784435 0.01407549746713897 -0.01404750161896292 -0.01404750161896292 -0.0960100052904323 -0.20888689675288424 0.17875761572200904
Kendall coefficients: 0.504358880346457 0.6485770377627037 0.27970152239062457 0.08222335666540655 0.08965156139735879 -0.09546249621782892 -0.10189323800978892 -0.10972883302218696 -0.056270523710701195 -0.038604517445307296 -0.21307895524110773 -0.13374530935042728 -0.13731130390005233 0.3095586438825882 0.2557477608549362 -0.0239240777168122 0.2159199594990516 0.0328053198756445 0.37242264987106555 nan -0.01421338109037403 -0.01421338109037403 0.35306359596853465 0.39725082652913657 0.38864216837951987 0.2468134131623744 0.2468134131623744 0.5528646607051253 0.5528646607051253 0.49093984661657136 0.43362290201169074 0.472960624558282 0.38037318607357257 nan -0.014177624100166718 nan nan -0.03414239703843105 0.42464871436546814 0.37242264987106555 nan nan 0.3730620025303552 0.3721042037676254 0.028763166600351737 0.626229369109144 0.25570502390755945 0.8044313540972471 0.8144908113762453 0.011850720479046024 -0.011776529095725649 -0.011776529095725649 -0.08280536129516466 -0.1845495369240106 0.1635822957797295

Correlation coefficients for metric S180



Pearson coefficients: -0.8547433091695749 -0.5519836031044021 0.1950569028354111 0.037317801355850534 0.05167757103216983 -0.1529821009645935 -0.15296744963361386 -0.1624426290339947 -0.08431167325221188 -0.07099163698350171 -0.13111198662402662 -0.10930215141880831 -0.10929955935356499 0.4145435579335136 0.23686439534883266 -0.004804009878188925 -0.25718518280371927 0.05645985467659715 0.09313989367151605 -0.2271007272836963 -0.23199914723141624 -0.23200259342004984 0.014332446451643157 0.010370207731864643 0.010553107849892948 -0.007458259161706228 -0.0074719744304085406 -0.056272308843028127 -0.05689110927539719 0.0691366604496463 0.0006761960257898102 -0.1275736242599806 -0.06482573448926673 0.9999993708092394 0.04341913469485268 -0.06282559662610018 -0.06007498830379851 -0.09420614817270474 -0.009719370552377966 -0.01867208189359884 0.016385554743047346 -0.035931363767045844 -0.0959174237687651 0.009114121986956299 -0.09090747100215896 0.3164131696893964 0.5591902698300818 0.23902814775115114 0.24506249130468996 0.045381636870703276 -0.015818954445797728 -0.019371734475325104 -0.037824989077344974 0.09823577065962617 0.26208405114939315
Spearman coefficients: -0.37086787449033654 -0.4758158184256827 0.16000673546649902 0.030088890184189837 0.03349054785045754 -0.13128476301522238 -0.1274005984289732 -0.15777505040244136 -0.12207784600319783 -0.11681910802152162 -0.020153526752374105 0.010030611273136394 0.01404285578239095 0.4415861107173672 0.40072077364310116 -0.05574723914367771 -0.04547104470472548 -0.03610804683813884 0.0034613404981526036 -0.15838870553213558 -0.20541352896139548 -0.20540991692448657 0.07583997402935902 0.12355744396402348 0.048065255319112064 -0.006098982959753413 -0.0060976135906989064 0.006207952711372811 0.006198070708352919 0.06278242283015613 -0.0028806551215504357 0.10440709314205145 -0.10818470780600861 0.1721328456517149 0.017190052336504537 0.01219846407015819 0.017077849698221466 -0.006868268777100142 0.0549317203646995 0.03105249265826686 0.028145367588240617 0.11768802004193002 -0.17199061917224953 -0.013738101671301708 -0.01634138471363048 0.6661229294862385 0.33925165844849603 0.425145106471513 0.45399883714516354 0.04713626770776443 -0.02104567157134354 -0.026055403159577068 -0.1986642593258396 -0.14115914801672866 0.1588063567656205
Kendall coefficients: -0.30674102091585126 -0.4238980257609214 0.13207793425119624 0.024821122919418438 0.027624555330967852 -0.10805231254003975 -0.1048554985595652 -0.12998639928093175 -0.10106108343497229 -0.09670768291777349 -0.016619024874241543 0.008263984930108766 0.011569578902152274 0.3701296914779439 0.33416224486361706 -0.045993638024948644 -0.037455918386020234 -0.0297410494265743 0.0029481982800776407 -0.13313772737380558 -0.1719523521127506 -0.17189887602621004 0.06378151401255021 0.10239842231794337 0.039890249272351644 -0.00506433576115683 -0.005050505050505051 0.005333886379344535 0.00531475987622908 0.05264434054899111 -0.0024154880042357133 0.09013847903671279 -0.09006435467393643 0.1452482234435317 0.014363606211965715 0.010145171099974072 0.014203239539963702 -0.0057131198904004235 0.04557498335167081 0.026337076878368827 0.024780155943173603 0.1009097573257466 -0.14447307435334764 -0.011430904504318624 -0.01343285323757057 0.5507377515729296 0.2839295146609543 0.3865397428767154 0.41365226260290083 0.0395396034605547 -0.017579063848365748 -0.02175335429560074 -0.16764213412843185 -0.11722718790215939 0.1355729387286659

Correlation coefficients for metric S166



Pearson coefficients: 0.4521978268669056 0.429847782981625 0.16411723414217572 0.1605057246727478 0.1527654453342976 -0.04399200934497711 -0.034890610734787636 -0.04655969767749909 -0.04309635267202075 -0.06102840038222397 0.04426362836810437 -0.05216782106440657 -0.05329895486557846 0.08744568297341794 0.36386646848390714 -0.020418151646822293 0.2855082524777917 -0.11812029463021716 0.29783749821860417 0.279685870966345 0.2993239892816869 0.2975271760190765 0.2090854183748925 0.26537004267621306 0.2823462605930607 0.18684961184924273 0.18671105209116465 0.36775740136872026 0.36785335439049444 0.31840996449845727 0.37602828185941517 0.4890309944883671 0.27115593555636774 0.2123374803290943 0.20459139449758157 0.3947541741055042 0.3948438413522827 0.14643091672912553 0.3038370421625236 0.23909884877561163 0.19551445400158235 0.22222854968383546 0.2501109746782639 0.24034750727851223 0.6932031112745937 0.49832009247066544 0.3632542710970026 0.9097551279937235 0.9107129834100715 0.1140534809331328 0.10397684820859114 0.10373941342560998 0.1577440148983346 -0.3300213144528173 0.12386302686769232
Spearman coefficients: 0.45849666898692854 0.4066788170590582 0.182066424599851 0.11079998131684535 0.09767791887691632 -0.07846515295065692 -0.07225009133080292 -0.10712638736875307 -0.10998859779590103 -0.13025991338123563 0.0486641028589058 -0.06152484656456243 -0.06286234322900944 0.10984756029114813 0.4221611433109314 -0.08275180484702342 0.3089293277117222 -0.2075318148337124 0.16583039327924567 0.1594506922265492 0.22252203297524834 0.2220693748198122 0.14797175075645663 0.15826010990124914 0.15909903739887044 0.18464082532145787 0.18062475546896567 0.22555270623095414 0.22521729254250086 0.28503144455967194 0.3180358188860003 0.3809372344081787 0.15897481477886202 0.15486187468136164 0.15522861921045772 0.23758248455048242 0.23756937715396376 0.12806883884125567 0.15842311269125725 0.1586563676042041 0.14800916076155898 0.1476040229613727 0.15500234229426113 0.15470368187854883 0.7174887740845388 0.48167903984772625 0.3326366976967329 0.8359184887433626 0.8390986795979753 0.07439227631719086 0.053191109619735846 0.05310384054835521 -0.009923284643335622 -0.2911019136352568 0.14410371979281422
Kendall coefficients: 0.3787771092468392 0.363106790089646 0.15060712112590408 0.09132251814398402 0.0805071752981209 -0.06462717923933224 -0.05950819474512771 -0.08814348422824461 -0.09064497273606453 -0.1073616002621395 0.04014493577185929 -0.050716170507142146 -0.051818695952949585 0.09071935559844481 0.3493504004506812 -0.06831520070705734 0.25432763927733004 -0.17085361215706174 0.1412375727207599 0.1360464540361336 0.19166529046110434 0.19087816068587302 0.12414324013687415 0.13287363390291748 0.135017009800995 0.1586715608731403 0.14978268759640495 0.19289707469623088 0.19225671526158672 0.2437869835130629 0.27158854491297874 0.3224199979575699 0.1344391470600177 0.1302161614072826 0.13057198132402972 0.20538968296935642 0.20531843719639617 0.10887062897225244 0.13294297978410757 0.13704171355593642 0.13081954029211804 0.1221857193790899 0.13050332787729185 0.12933918406776806 0.6157254958316642 0.3984914311150258 0.2750285247865831 0.740266954684544 0.7419701603952563 0.06472459898494587 0.04609309658880581 0.04596585522366137 -0.008484772303172053 -0.2457830315869252 0.11886527981582694
