P1, S10, S33, S37, S39, S40, S41, S46, S47, S5, S53, S55, S6, S7, S70, S8, S9, S130, S171, S172, S173, S174, S179, S183, S204, S205, S206, S157, S158, S159, S163, S164, S165, S178, S180, S167
nan nan nan nan nan nan nan nan nan nan nan nan nan nan nan nan nan nan nan nan nan nan nan
-0.08122343467568388 0.09958482569609563 0.38292117911192064 0.01965114902157724 -0.4688876293871255 nan -0.1931416639748493 0.536602811627415 -0.40155783965606345 0.14688456260363195 0.7156120145202707 -0.39994673844221373 0.9169549924270006 -0.15863091475602512 -0.04874097921189291 -0.1222577549939507 0.056817859755247606 0.4773538932955584 0.4659521594904555 -0.05864583352414769 -0.1996951993269536 0.054977387636733384 0.19301215277504735
0.09901475429766736 nan nan nan nan nan nan nan nan nan nan nan nan nan nan nan nan nan nan nan nan nan nan
0.09116223961814408 nan nan nan 0.3629576617921925 -0.062216984453738515 -0.17262659867427513 -0.12668351206384001 -0.27170641388006866 0.4685533902622746 -0.11737348604181111 -0.21974360924581351 nan -0.03229497121584513 nan -0.12814076376778616 0.04746269731247454 0.3924384530054507 0.40408422947416817 nan nan 0.04801357675793547 0.19600321636612794
-0.05490668518300776 0.1314197070368808 0.3562880200841423 0.02731024723510836 -0.2297789475883487 -0.42875498949003865 0.31598907578125573 0.6817018656757358 -0.3288174461805911 -0.37110569186640313 0.8195227903971557 0.04002730811041956 0.886947114198463 0.00043936905368743503 -0.021862099557376082 -0.223012263577906 0.18973410752598913 0.08054016448551234 0.05890682908287734 -0.10353997443392271 -0.23825194109357756 -0.008142077311549277 0.19883949441967544
-0.034926858635820665 0.1413066728102068 0.3576030104705279 0.02245634694489293 -0.1912966003027269 -0.4187282698805212 0.3056695255123588 0.6787978194893928 -0.33620126461635486 -0.34447703165789517 0.7394421303698768 0.028322842625493134 0.899521167064057 0.008366115855870505 -0.09714488927659115 -0.31364167708179264 0.12358576423856574 0.045515244469133916 0.024647051106887613 -0.11061525849860156 -0.4577149442989088 -0.016883787147814574 0.17395591087436113
-0.02710253311442886 -0.18916042888430268 -0.21803391806777367 -0.07164413028113298 -0.6622415343058677 -0.25712612778369237 -0.8945552278994355 -0.6948187540963044 -0.09660144926089262 0.46429393943442043 0.057473154892769794 -0.8231234455288331 -0.8718617786823419 -0.03738285105521959 -0.1088235294117642 -0.33028080757526107 -0.2718039805818394 -0.5221449942189185 -0.513191151540216 -0.024100995804361067 -0.011787786290315481 -0.1449349000167627 -0.25841547236268514
-0.1529721185849566 -0.1163010072563001 -0.036983936932530284 -0.36394065216237886 -0.1465059461789687 0.31108918900268606 -0.14380313917486934 -0.6545876129062284 0.1309995870766148 -0.4782640242852825 0.10149440520507498 -0.21841117986910188 -0.7449133115411455 -0.04372784680131458 -0.029403040339487922 -0.07269467993056404 -0.49654094270578647 -0.3362058015773742 -0.3201575850931414 -0.7948260248659543 -0.11542274348191928 -0.5495418552299443 -0.4155127060007477
-0.15435225160526017 0.06373584820017567 0.24766390947763117 -0.1494899241556533 0.06729998123919102 0.36163294596719875 0.14883813402595422 -0.3233727728639638 0.24947259567188243 -0.29988745362990504 0.3298878464111833 0.08781356342679113 -0.6006876027367265 0.057272736915977826 -0.011579344045267158 0.1415143583327331 -0.20293268417639995 0.06749943623846802 0.07716221802660019 -0.7271488717383098 -0.0740513256898589 -0.36271437100282955 -0.14498468848092294
1.0 0.8339866393448179 0.6263471265583622 0.5921066294742052 0.8679102300240795 0.8962913698634802 0.945612174512317 0.9232222607291608 0.4715431657878065 0.8675775213767563 0.932171999514146 0.9412581891767082 0.9428339160234355 0.5808235959199525 1.0 0.6813176633683896 0.7328545452327485 0.7572820896849722 0.7533684105051746 0.5893099682746419 1.0 0.8920457594938355 0.5034329762841273
-1.0 0.36645015252516167 nan nan nan -0.6519566230434126 nan nan 0.29242619320236146 nan nan -0.08437205738748232 nan nan nan nan nan nan nan nan nan nan nan
nan nan nan nan nan 0.6519566230434128 nan nan nan nan nan nan nan nan nan nan nan nan nan nan nan nan nan
nan nan nan nan nan nan nan nan nan nan nan nan nan nan nan nan nan nan nan nan nan nan nan
-1.0 nan nan nan nan -0.6275734714880231 nan nan nan nan nan nan nan nan nan nan nan nan nan nan nan nan nan
0.02775416979209853 nan -0.0291926604471594 -0.2511568779975833 nan 0.6749117029934399 0.20037020283424933 -0.330619310464794 0.3402333829356105 0.07083160086493732 nan nan nan 0.16005356365540335 0.06609374986190386 0.1010520011746891 0.21524865629905726 -0.1812414408200948 -0.17944197240872103 0.1471604225915085 0.021525051105453524 nan 0.11842497237585933
nan nan nan nan nan nan nan nan nan nan nan nan nan nan nan nan nan nan nan nan nan nan nan
0.15287926170137991 0.4438172977343619 0.11929210758431229 0.4242858834385178 0.4606972608837401 nan 0.5382124405435099 0.7884965107596841 nan 0.6812351052510043 0.13221365448440225 0.6006176013384893 0.7975155402155281 0.010523790795992253 -0.058583303355166254 0.14996513923382376 0.5753021912056054 0.5985571520617846 0.5913497234725298 0.7805524754551076 0.12448276184181167 0.4308916378127578 0.396534543613784
1.0 0.28861409563613094 0.951711236051867 0.42279961605710875 0.8205132504831841 0.7950856074060797 0.9493541590705719 0.9453842155224365 0.6340479582594859 0.8140317149586349 1.0 0.9453842155224365 0.9490740407828444 1.0 1.0 0.978776868343423 0.6369519294022535 0.8597439047872698 0.8599284162152439 0.2493048429526097 1.0 0.49864885187500474 0.43669798282695116
nan nan nan nan 0.2511568779975808 -0.4919640180550332 nan nan -0.0640314540489066 nan nan nan nan nan nan nan nan 0.2889982895303056 0.29855956368586545 nan nan -0.01373206347805413 nan
nan 0.36645015252516167 nan nan 0.2915020511045986 -0.27559848054652836 nan 0.1185226520443203 -0.39287083113760984 nan nan nan 0.1209716757818268 nan 0.09901475429766736 0.4552157181803951 -0.18246018383465787 0.389375319894286 0.4009634867174918 0.12097167578182683 -2.5801957652496e-17 -0.09046063973166446 0.22228757209048441
nan nan nan nan -0.29150205110459876 0.3482916681691852 nan nan 0.39287083113760957 nan nan nan nan nan -0.09901475429766741 nan 0.1824601838346578 -0.3893753198942862 -0.40096348671749193 nan -5.404464102887675e-18 0.09696067803634544 nan
nan nan nan nan 0.14354811251305463 nan nan nan nan nan nan nan nan nan nan nan nan nan nan nan nan nan nan
nan nan nan nan -0.12972627382724786 -0.4697731467951107 nan nan 0.06005437865528214 nan nan nan nan nan -0.09901475429766736 nan -0.18246018383465776 0.3327646631593445 0.3433066962016391 nan 2.5801957652496e-17 0.022217078451634464 nan
nan nan nan nan nan -0.054827723952747515 nan nan -0.14317723585601141 nan nan nan nan nan nan nan nan 0.28899828953030554 0.29855956368586545 nan nan nan nan
nan -0.36645015252502794 -0.30166206257981254 0.02075664106495352 -0.19336501577480877 -0.2041555079337309 -0.2778339980306682 nan -0.1305470921262443 -0.17911821050160479 nan -0.15965472538141173 -0.26339455910701803 -0.5208495668463466 -1.000000000000004 nan nan -0.4239451969332843 -0.4335201246680474 nan -1.0000000000000089 -0.2646842051616764 nan
-1.000000000000004 -0.7702520989838884 -0.8946317858262819 -0.37425616348182617 -0.7143499459647558 -0.30504521082142544 -0.8275122075080465 -0.659212122564799 -0.15625197977288713 -0.5017747026026494 -0.5647861564252551 -0.6973540437076676 -0.7781242242926242 -0.9067837276762886 -0.09901475429768078 -0.9411986524589055 -0.8596100402755723 -0.6827239982593577 -0.6841736109325582 -0.6097168792987417 -9.889820633179864e-15 -0.40217007308609 -0.4821393578249622
nan nan nan nan nan nan nan nan nan nan nan nan nan nan nan nan nan nan nan nan nan nan nan
-0.6520376287321203 -0.3778124883119004 -0.8952054293502316 -0.6511910892050923 -0.7733476644960728 -0.6382710709120548 -0.9767924311559498 -0.9690974546182995 -0.5301823174143461 -0.8050373869155709 -0.9659957578590332 -0.9707107211178212 -0.9646732679596299 -0.91303057436469 0.061705050851752166 -0.8613260876600287 -0.8410385541728462 -0.7687387921944722 -0.7646787252535533 -0.722373532378627 0.15485811282192474 -0.39264075484674005 -0.597236795026422
nan nan nan nan nan nan nan nan nan nan nan nan nan nan nan nan nan nan nan nan nan nan nan
0.21811117641026734 0.27225253080865636 0.5097622813776023 0.35341137321747806 0.70702122352413 0.5977141816348017 0.9473902759291127 0.9239995095840546 0.4655000460409315 0.5786767440689046 0.936430796030544 0.9318780708161452 0.8924902372261626 0.5639111007218564 0.7190448155302045 0.729709990668105 0.5475699084091992 0.4322824124873995 0.4272906201927506 -0.2502009552141499 0.2708923157308808 0.2693878529785776 0.25843869833040334
nan nan nan nan nan nan nan nan nan nan nan nan nan nan nan nan nan nan nan nan nan nan nan
0.13035732563517988 0.2338443036630429 0.47614044233479136 0.24737342621610683 0.6968488364304751 0.6663972025073486 0.9139417850194071 0.9054743509557881 0.49297746779885104 0.5243827747533457 0.936698010546394 0.8977037760662882 0.863905746271586 0.46784339265335584 0.8308229624499073 0.6376140262012004 0.3920111199100413 0.5550106092599472 0.552085462727169 -0.14929161469362925 0.36405568546252687 0.09766358406927698 0.2904999673086547
nan nan nan nan nan nan nan nan nan nan nan nan nan nan nan nan nan nan nan nan nan nan nan
nan 0.41352786319461515 0.9120625413093854 0.4936170468473039 0.7641605541701916 0.6616159186866335 1.0 0.9981886083638112 0.5295693042911891 0.6354353154662374 0.9993621475359579 0.9889020350103347 0.9795999967020134 0.9304254346059665 1.0000000000000002 0.9441866779162249 0.6320364878074548 0.8016234880713616 0.7979135829731304 0.24930484295260974 1.0 0.44038427571210453 0.46912556013433526
-0.2272620666614064 -0.19937090653029946 -0.3940597596175805 -0.12568251259281646 -0.5494428383652706 -0.4496244969082369 -0.8353231193638769 -0.8288253031313345 -0.18232844865856976 -0.5526121045762254 -0.8184528395979547 -0.835378494870376 -0.8110897196327553 -0.3915233048043136 0.18965176354555885 -0.6780872696219319 -0.3820621670290877 -0.31150542670383513 -0.3052982473207359 -0.18840873701148053 -0.25303819732812977 -0.3429531576034151 -0.17326797159108664
nan nan nan nan nan nan nan nan nan nan nan nan nan nan nan nan nan nan nan nan nan nan nan
nan nan nan nan nan nan nan nan nan nan nan nan nan nan nan nan nan nan nan nan nan nan nan
-0.09208930215964277 0.10210456239402674 0.3594210923109482 -0.00887530660658894 -0.47835008305213006 nan -0.07335796811078486 0.7073093827821938 -0.42146103281179703 -0.0811540314732613 0.7842002511878257 -0.3763167111434727 0.8968168518887708 -0.24344774707575959 0.0 -0.15256543027225267 0.019344032618710292 0.5142108792929744 0.500817708145352 -0.13156087884756038 -0.1624725830986781 -0.12307496005716818 0.1434475085988177
0.09901475429766743 nan nan nan nan nan nan nan nan nan nan nan nan nan nan nan nan nan nan nan nan nan nan
0.0 nan nan nan 0.7129102166664797 -0.09415954644128285 -0.19251229052308913 -0.1476054374919694 -0.18539660611858824 0.6346852863363828 -0.11748758799691708 -0.594673301550434 nan -0.03878473048957458 nan -0.14076592682400124 0.026876972985590778 0.43079481219767574 0.4431839533965803 nan nan -0.06254452660944247 0.3757408511533348
0.0 0.09975167693314217 0.3614571346025521 -0.01849904237342857 -0.25908171058629453 -0.392303310088722 0.1261229408157644 0.7474776141350726 -0.3568899530924363 -0.3399672060688812 0.8740344319682631 0.2875228196517053 0.8477498452005489 -0.034926870609526504 0.0 -0.34236899712968216 0.14879497759737628 0.03811988218651734 0.01014510349331071 -0.13674146404353912 -0.1694038487184288 -0.1347098532632371 0.11735920244453077
0.0 0.10375610234611216 0.3665780087759321 -0.01776497132656825 -0.26836716125148613 -0.38779594920502064 0.1261221978212883 0.7524826394842763 -0.4009543619299073 -0.33272965109476216 0.7155830767876964 0.298633535815337 0.8635296248144553 -0.020813164730346632 -0.093073867800501 -0.40589506591476837 0.16472482577579686 0.039912518405683634 0.01195526464783757 -0.11742362825820198 -0.17290813916736025 -0.14636526841258385 0.09319904685816738
0.015802119515227708 -0.1439067892136432 -0.25116676872000676 -0.06006195924406521 -0.6845847853167785 -0.28342991028604136 -0.861011255869253 -0.7162364792658991 -0.16092554922883925 0.44701284722300294 0.13897567922215506 -0.8383759561864904 -0.7933033084341574 -0.07024211063251459 -0.12345586807158511 -0.3318645402460945 -0.27542201580366454 -0.5226484733539356 -0.5128096907432893 -0.07599241522114276 -0.013937088736693701 -0.14351017307388983 -0.3001001179853274
-0.17172526808963223 -0.1330619730662003 -0.05643736886010282 -0.31503332868819717 -0.15666420685544769 0.28628159511424267 -0.04758735002407815 -0.6386751614404725 0.06178037798961782 -0.4691816547286537 0.13849262303257517 -0.3046504975685692 -0.6676987951499802 -0.10455040072247938 -0.017554695956550438 -0.06848934107518599 -0.5758415089535001 -0.32163489725388605 -0.30122399653156323 -0.7930601642617251 -0.16558207087104926 -0.5156466472937934 -0.41355862651220276
-0.17167064195509452 0.042655223018910386 0.18451857079928868 -0.1076803095024324 0.08829957144172836 0.383809773135204 0.01931751647999389 -0.3931099752657396 0.1561992146204417 -0.29242535723959917 0.332935778203112 0.06656497591602539 -0.6123562378987187 0.04220955715034816 0.0034921936451691713 0.13753333093416326 -0.17629005282812418 0.05140968592130906 0.06302527265875238 -0.7308212482204366 -0.09123442301160772 -0.3443372271866084 -0.11966032523750757
1.0 0.7032505267324006 0.5116097449385147 0.5996117012245369 0.8707913710271986 0.8202945857007026 0.9007483251830994 0.8788425979617105 0.4445026144947566 0.7878578106250835 0.9272767616472604 0.8975735929259784 0.9005967160784722 0.5874380467739754 1.0 0.6083683156909034 0.6903402679575472 0.7351053237982244 0.7295976839709385 0.6678762054447845 1.0 0.8858055397488859 0.4747964999832489
-1.0 0.3664501525251617 nan nan nan -0.6519566230434128 nan nan 0.2924261932023617 nan nan -0.08437205738748232 nan nan nan nan nan nan nan nan nan nan nan
nan nan nan nan nan 0.6519566230434128 nan nan nan nan nan nan nan nan nan nan nan nan nan nan nan nan nan
nan nan nan nan nan nan nan nan nan nan nan nan nan nan nan nan nan nan nan nan nan nan nan
-1.0 nan nan nan nan -0.6275734714880234 nan nan nan nan nan nan nan nan nan nan nan nan nan nan nan nan nan
0.03309068428838553 nan -0.18594427137233374 -0.25115687799758074 nan 0.6974145930579395 0.5863970149147743 -0.43628979459646045 0.3087665352751388 0.07934799238861621 nan nan nan 0.16700866100096734 0.07647539173278248 0.04649039996515236 0.2740960294808201 -0.21428112279598002 -0.20545860356915388 0.16782228757456658 0.027266694770213255 nan 0.14052449049761462
nan nan nan nan nan nan nan nan nan nan nan nan nan nan nan nan nan nan nan nan nan nan nan
0.17028767087363866 0.32908280348026503 0.1391634175920248 0.3698886425891564 0.43175773024673775 nan 0.5613765856781041 0.7929152073752639 nan 0.6272937296307634 0.18899643236121366 0.6158391082035608 0.7529399181831263 0.11179856168358666 -0.06261802777910778 0.1564017688474414 0.6262765176904448 0.5267399432361951 0.5180224278347445 0.7561790393596063 0.1623290808563868 0.30779268915745045 0.36363260860827545
1.0 0.29501171992586506 0.9986969263658027 0.40643749954915237 0.8415315500914928 0.7747205974665055 0.972560032014999 0.9710967821378697 0.5707661422551028 0.7698649613027199 1.0 0.9710967821378697 0.9738361297013667 1.0 1.0 0.9987646690775214 0.6740042506007133 0.8930149711171128 0.8926715245297457 0.23765908844544298 1.0 0.46309953448750446 0.43669798282695127
nan nan nan nan 0.25115687799758074 -0.4919640180550333 nan nan -0.06403145404890663 nan nan nan nan nan nan nan nan 0.28899828953030576 0.2985595636858655 nan nan 0.005415970658615129 nan
nan 0.3664501525251617 nan nan 0.2915020511045987 -0.27475578790354627 nan 0.1185226520443204 -0.39287083113760973 nan nan nan 0.12097167578182677 nan 0.09901475429766743 0.4552157181803952 -0.18246018383465779 0.405404442745466 0.4172672488394954 0.12097167578182677 0.0 -0.09284169539428219 0.2222875720904845
nan nan nan nan -0.2915020511045987 0.346573192202086 nan nan 0.39287083113760973 nan nan nan nan nan -0.09901475429766743 nan 0.18246018383465779 -0.405404442745466 -0.4172672488394954 nan 0.0 0.10391618903776288 nan
nan nan nan nan 0.1435481125130547 nan nan nan nan nan nan nan nan nan nan nan nan nan nan nan nan nan nan
nan nan nan nan -0.06549613606605406 -0.4145440501218449 nan nan -0.1600861790705641 nan nan nan nan nan -0.09901475429766743 nan -0.18246018383465779 0.40147049739765006 0.41329399567089475 nan 0.0 0.012378302513700671 nan
nan nan nan nan nan -0.048240946716375355 nan nan -0.14317723585601141 nan nan nan nan nan nan nan nan 0.28899828953030576 0.2985595636858655 nan nan nan nan
nan -0.3664501525251617 -0.30166206257996714 -0.05100505025500074 -0.20402020102000296 -0.22029387991913782 -0.29770696007066205 nan -0.11113794747030845 -0.17911821050170565 nan -0.16845233888607922 -0.27599343438557333 -0.5208495668465812 -1.0 nan nan -0.46457462995876203 -0.4750671854623775 nan -1.0 -0.26147242611355337 nan
-1.0 -0.6545817729650009 -0.9422634796681228 -0.35625470290625105 -0.7267503181705963 -0.30997414555968134 -0.8480586909175774 -0.6753368038104808 -0.14901983631048135 -0.4897057772142098 -0.5798271877085269 -0.7241102618854921 -0.7937475417699412 -0.9206946135546636 -0.09901475429766743 -0.997121800226518 -0.7968012800844423 -0.7403755381477254 -0.7393062564147131 -0.6272972375389113 0.0 -0.3974228725769883 -0.48640014588796004
nan nan nan nan nan nan nan nan nan nan nan nan nan nan nan nan nan nan nan nan nan nan nan
-0.17663302079492618 -0.3542724046832171 -0.5331807986278317 -0.5852760519670757 -0.7747844255704776 -0.635308604024649 -0.90055566485487 -0.8994546231381334 -0.4472968550887503 -0.7970789287700952 -0.8871628159620473 -0.8728288823951413 -0.8859712589765212 -0.45363706723147385 0.1169985110811182 -0.5523097701521851 -0.6668419697657552 -0.7299357868510308 -0.7224210006352584 -0.8043187318283287 0.1753437088295217 -0.46184757870886095 -0.5501403965394732
nan nan nan nan nan nan nan nan nan nan nan nan nan nan nan nan nan nan nan nan nan nan nan
0.1485344543362524 0.2805789292211516 0.49275424420182495 0.3288387455942529 0.7055970304881026 0.560020544087983 0.9003893758384496 0.8604817076949693 0.5304003008170028 0.5160276661965844 0.88570226161513 0.8667503712071689 0.8820801015944192 0.43214490756180207 0.18301807485157776 0.5037286944223168 0.5370534170141694 0.42552759218321984 0.41570196750370947 -0.33887264735020284 0.17930182626665758 0.32431448405863855 0.26785921590137346
nan nan nan nan nan nan nan nan nan nan nan nan nan nan nan nan nan nan nan nan nan nan nan
0.142046872634627 0.20140885127680652 0.4430463145510211 0.2002595149336848 0.6680995247838207 0.5492230329772377 0.852842828902083 0.8271988221481245 0.4485833694463755 0.45384822545889203 0.8525969457730666 0.8544160443293621 0.7875053301025955 0.4181395220200777 0.17274050333878477 0.48086747279377823 0.43233140877197684 0.6677173098035442 0.6611699885265754 -0.20923507705566569 0.17249351827221576 0.08040278237452894 0.29596659881815
nan nan nan nan nan nan nan nan nan nan nan nan nan nan nan nan nan nan nan nan nan nan nan
nan 0.3870325387817476 0.9983178217462724 0.580568225743803 0.7615701996077402 0.6616159186866337 1.0 0.9965774764997786 0.5295693042911893 0.6354353154662373 0.9747480921818914 0.9684838481885977 0.9795999967020134 0.9304254346059667 1.0 0.9542862344482141 0.6645024961295697 0.7869728837039632 0.7833120527167624 0.23765908844544298 1.0 0.44518169110738814 0.5249991638388358
-0.1579526616487731 -0.12738997098637303 -0.23119060814917156 0.252853528799068 -0.2345139791183173 -0.43354066253848295 -0.6015499718893726 -0.5908762557572463 0.30380037313179087 -0.3029046300144148 -0.6469167058356664 -0.6797308305591432 -0.5619897445938421 -0.21936342078523757 0.15539301584775972 -0.46613237236720423 -0.16942848621452072 -0.24335377517482493 -0.24881215334109907 -0.3073863184489229 -0.16140949927077125 -0.1961312013547929 -0.036801572310930064
nan nan nan nan nan nan nan nan nan nan nan nan nan nan nan nan nan nan nan nan nan nan nan
nan nan nan nan nan nan nan nan nan nan nan nan nan nan nan nan nan nan nan nan nan nan nan
-0.08344931576014063 0.08919472798460067 0.30979922384404224 -0.0077261936231240195 -0.40582922702026897 nan -0.0622799074705375 0.6065472604797875 -0.3671487767433471 -0.07555786044053145 0.7117966339112392 -0.3673727801501696 0.8357031525061408 -0.22172446573694615 0.0 -0.1349350536078389 0.01660039735186658 0.5031255617135315 0.490580513951829 -0.11374031777729214 -0.13969300009527455 -0.10544318093753341 0.1229695519856169
0.09901475429766743 nan nan nan nan nan nan nan nan nan nan nan nan nan nan nan nan nan nan nan nan nan nan
0.0 nan nan nan 0.6935196810224937 -0.09169629841872035 -0.19175467588064163 -0.1471207867087925 -0.17658569215172204 0.6187296934233537 -0.11719788131013541 -0.5822944734639455 nan -0.0386890931889931 nan -0.13720576651600827 0.025790717245850393 0.4252680204295305 0.43749821773762265 nan nan -0.055878170422710524 0.36968969261232687
0.0 0.08334686517337263 0.3018877926089172 -0.015491204404127441 -0.21919833703838412 -0.3249176306903562 0.10753301431737942 0.6296940452889489 -0.2997359766842344 -0.2898440854718238 0.7882448394512711 0.24559758233655055 0.7442790856326564 -0.02971190885664769 0.0 -0.2999151831149453 0.12917041553500305 0.0316625912204167 0.008423403074205063 -0.1179755713655962 -0.1457984686079676 -0.11617736495661027 0.10032894875731652
0.0 0.08657842610433152 0.30607210395072504 -0.014830071040490837 -0.2265199461844382 -0.3204485556354825 0.10759120003362112 0.6336601002683839 -0.33675037668817565 -0.28383807125739235 0.6628422665713837 0.2550387388186091 0.7600599543167611 -0.017690082022670583 -0.07945473411799045 -0.3446679928958215 0.1430809704149594 0.03310232843900958 0.009914503033254187 -0.10105204197581068 -0.14864240558156572 -0.12529238390983558 0.07969927285684342
0.01383142998252026 -0.12213171604452144 -0.21789108168193452 -0.05135628521116512 -0.5947136872468628 -0.24231711262702105 -0.7639911735882261 -0.656024858965872 -0.13694433625327063 0.3967910141894995 0.12510819910160517 -0.7278231941993113 -0.6962356659310861 -0.06594212280617692 -0.11801370951774226 -0.2790704302271951 -0.253439073745278 -0.43985844232840066 -0.4316622276118392 -0.06405957397429178 -0.012221220330681461 -0.1358773397260313 -0.24814347362901923
-0.1427406673849796 -0.11318244558450276 -0.04833707139988785 -0.2627368810763489 -0.13188882267152857 0.2378223907392872 -0.03949855716235275 -0.5300282896510287 0.051288002201860354 -0.39392076216491795 0.11526994599967032 -0.2544962715975055 -0.5532466594162401 -0.08787066129969971 -0.01554362416667488 -0.056662062173832184 -0.486298461515508 -0.2675582259351493 -0.2505549251264255 -0.6605955514500795 -0.14016465634722705 -0.4449484993257461 -0.34974438071621333
-0.14247963577236367 0.03679213681755472 0.1574337802295838 -0.08980536050722894 0.07424267989514606 0.31774022825236115 0.016062674921056563 -0.32730444515451107 0.1293742590980734 -0.24720120501957893 0.27660333643792245 0.055296891835895076 -0.5075355666443002 0.03543448321437262 0.003082033641967727 0.11398530134017573 -0.14888361581621645 0.04259359843405142 0.05220777953877011 -0.6128803035796347 -0.07698155842507179 -0.29746253643019577 -0.10069641849605888
1.0 0.689913169318558 0.4807383558898255 0.541546604180175 0.8100108931729398 0.7400168586293768 0.831160628256511 0.8027705838402162 0.39949802262694445 0.7342273818838762 0.8858267297927461 0.8258819073302741 0.8350450744996302 0.5803374410215949 1.0 0.5664246383087603 0.6281053113322597 0.6666528637379794 0.662971595015422 0.6123782427178703 1.0 0.8454846444544235 0.4285914082002099
-1.0 0.3664501525251617 nan nan nan -0.651956623043413 nan nan 0.29242619320236163 nan nan -0.08437205738748232 nan nan nan nan nan nan nan nan nan nan nan
nan nan nan nan nan 0.651956623043413 nan nan nan nan nan nan nan nan nan nan nan nan nan nan nan nan nan
nan nan nan nan nan nan nan nan nan nan nan nan nan nan nan nan nan nan nan nan nan nan nan
-1.0 nan nan nan nan -0.6275734714880234 nan nan nan nan nan nan nan nan nan nan nan nan nan nan nan nan nan
0.0323761954119088 nan -0.18365644316033267 -0.25115687799758074 nan 0.6857027352633869 0.5836150065131559 -0.43044649330575907 0.3072940929131615 0.07915233219701975 nan nan nan 0.161623445487581 0.07139457252897571 0.04458384185877159 0.2598690427576383 -0.2059402770347027 -0.19750099580993072 0.1665820428142111 0.026903185470843072 nan 0.13838545460196985
nan nan nan nan nan nan nan nan nan nan nan nan nan nan nan nan nan nan nan nan nan nan nan
0.14265662838179816 0.27760235210960466 0.12061096847858305 0.3069041646789659 0.3629262041067693 nan 0.524476073718127 0.7038894165598429 nan 0.5277318487471674 0.1652447274101435 0.5558097650256812 0.6727333615794705 0.09617707133032284 -0.06065406116335533 0.13018174731333662 0.5445265126678966 0.4426978688233963 0.43602802063909263 0.6319322865969432 0.13886740218877539 0.2699894032983124 0.30336215631946134
1.0 0.29360589379213264 0.9870684213986809 0.3903374262238384 0.8129348607628375 0.7321648164250386 0.9375687275269301 0.9344250134217541 0.5521882894435676 0.736833467493513 0.9999999999999999 0.9344250134217541 0.93899969654283 1.0 1.0 0.9905211130872972 0.6567620937158704 0.8489718699903649 0.8488984147028131 0.23565158132014277 1.0 0.4522133198271422 0.4366979828269512
nan nan nan nan 0.25115687799758074 -0.49196401805503337 nan nan -0.06403145404890663 nan nan nan nan nan nan nan nan 0.2889982895303057 0.29855956368586545 nan nan 0.005380600979886782 nan
nan 0.3664501525251617 nan nan 0.2915020511045987 -0.27344553560905094 nan 0.1185226520443204 -0.3928708311376098 nan nan nan 0.12097167578182677 nan 0.09901475429766743 0.4552157181803951 -0.18246018383465779 0.4019799900440633 0.4137425909748248 0.12097167578182677 0.0 -0.0914158832902529 0.22228757209048453
nan nan nan nan -0.2915020511045987 0.3449227632621432 nan nan 0.3928708311376098 nan nan nan nan nan -0.09901475429766743 nan 0.18246018383465779 -0.4019799900440633 -0.4137425909748248 nan 0.0 0.1026476603906717 nan
nan nan nan nan 0.1435481125130547 nan nan nan nan nan nan nan nan nan nan nan nan nan nan nan nan nan nan
nan nan nan nan -0.06498117729682397 -0.3971807553159961 nan nan -0.15583085255316637 nan nan nan nan nan -0.09901475429766743 nan -0.18246018383465779 0.39522478707003544 0.40686434618522904 nan 0.0 0.012014358182920378 nan
nan nan nan nan nan -0.048018154227622116 nan nan -0.14317723585601141 nan nan nan nan nan nan nan nan 0.2889982895303057 0.29855956368586545 nan nan nan nan
nan -0.3664501525251617 -0.30166206257996714 -0.05087927948746319 -0.20351711794985275 -0.2171695996728362 -0.2950288896599047 nan -0.1089854488190907 -0.17911821050170565 nan -0.1680369608039231 -0.2743693324026638 -0.5208495668465812 -1.0 nan nan -0.4561660430680649 -0.4664686881483207 nan -1.0 -0.2520471669571945 nan
-1.0 -0.6415391377974302 -0.9274121785330846 -0.32748517848082703 -0.706982627582273 -0.2932758186336783 -0.8195582798891061 -0.6615701550312039 -0.13900017299042364 -0.4817908387072706 -0.5689540858394465 -0.6976170959836289 -0.7621671245540155 -0.9169216660189172 -0.09901475429766743 -0.9747646449050205 -0.7530875995935734 -0.6993146361114346 -0.6997143892257597 -0.5650739614334427 0.0 -0.3569351242075005 -0.4698869016539467
nan nan nan nan nan nan nan nan nan nan nan nan nan nan nan nan nan nan nan nan nan nan nan
-0.15777895820254742 -0.31144793754767525 -0.4716925773536853 -0.4909138248577874 -0.6827707411395433 -0.5304542499291144 -0.7961920114581323 -0.8103072097944292 -0.3735191392146922 -0.7315170768959657 -0.786088539645995 -0.7557111429926356 -0.7939086551654799 -0.40521521080392964 0.10243952802483686 -0.46872110241199505 -0.5924633246565006 -0.6134301716900159 -0.6074481819496176 -0.6993267593567111 0.1636088886268031 -0.39716934549145455 -0.45785326938686166
nan nan nan nan nan nan nan nan nan nan nan nan nan nan nan nan nan nan nan nan nan nan nan
0.12688285898506108 0.24403659810101114 0.43133385939803237 0.2714280571777341 0.6131964421672126 0.46664277363914847 0.7929529763708226 0.7450288019366242 0.43944829506740035 0.45942167254404126 0.774691149533259 0.7443054549905156 0.7833016656645673 0.35765665458726353 0.16290880311276865 0.4161524117777037 0.44563258748650303 0.3505091233775463 0.34238253161989785 -0.2812340716296606 0.15870575412155966 0.2770666779195111 0.22124488377121848
nan nan nan nan nan nan nan nan nan nan nan nan nan nan nan nan nan nan nan nan nan nan nan
0.12048405537376783 0.1700863940803381 0.36949218823254065 0.1652418011125654 0.5574734999299947 0.45470103956661767 0.7058941533568587 0.6878266867981008 0.37071482197286537 0.3804535483519399 0.7138975012232522 0.7086096665827161 0.6554435573127848 0.3458905449481907 0.1472500160134401 0.3966167542297814 0.3597291156321671 0.5493264308343279 0.5439399947246198 -0.1745396498146183 0.14581846111503233 0.06872607363091213 0.2440292716196594
nan nan nan nan nan nan nan nan nan nan nan nan nan nan nan nan nan nan nan nan nan nan nan
nan 0.3496260566793594 0.9792364931869324 0.504719298498626 0.7544444282101553 0.6616159186866336 1.0 0.991828462931421 0.5295693042911893 0.6354353154662372 0.9348207719483316 0.9196378572002702 0.9795999967020134 0.9304254346059669 1.0 0.9460998335825321 0.6457983515469984 0.752358681628865 0.7495543672014261 0.23565158132014277 1.0 0.4398348072092507 0.47597757619620856
-0.13142857142857142 -0.1068659017576317 -0.19303787444612297 0.20964307531520907 -0.1949379247234056 -0.3588337921168578 -0.5005438270911517 -0.49164654576097644 0.25172998969664906 -0.25285182199203476 -0.5424560866628261 -0.5627177451573331 -0.47060300242075737 -0.1863308650628064 0.132510649335428 -0.3934873446009491 -0.14137014866808703 -0.2010206836647878 -0.2055295387663663 -0.25569042533636555 -0.13429941900731815 -0.16831949724686596 -0.030643142957702464
nan nan nan nan nan nan nan nan nan nan nan nan nan nan nan nan nan nan nan nan nan nan nan
