P1, P2, S10, S33, S35, S37, S39, S40, S41, S46, S47, S5, S53, S55, S6, S64, S7, S70, S8, S9, S130, S171, S172, S173, S174, S179, S183, S204, S205, S206, S157, S158, S159, S163, S164, S165, S178, S180, S167
nan nan nan nan nan nan nan nan nan nan nan
nan nan nan nan nan nan nan nan nan nan 0.057353933467640714
0.20878880154870655 0.1650494519454901 -0.0434567880143172 0.6284058048153441 0.578416802862306 0.5659945762303829 0.5198739706574594 0.5204403984208514 0.4248474862496616 0.7058138602157101 0.2826153802002226
nan nan nan nan nan nan nan nan nan nan 0.057353933467640714
nan nan nan nan nan nan nan nan nan nan 0.057353933467640714
0.39436543446250727 nan nan -0.4669543915494499 -0.3911341610063051 -0.3829542114571568 0.91135825219438 0.911209349491489 -0.13560421825241284 0.1890671274007724 -0.03419510964983373
0.41831517675900215 0.1017697594527467 -0.02550698804447259 -0.3200894843911769 0.10078244310366684 0.16341613110245104 -0.5055896618129014 -0.5060983540801364 -0.28628260377485937 -0.6504561429532013 -0.2686585925900319
0.3584027707336096 0.13920272884721943 -0.18472888812027619 -0.16030313772193489 0.33931731478749855 0.3929350423237686 -0.11562096976087116 -0.1132869477970584 0.5641247040218188 0.4888078408040858 -0.2050114543642314
-0.7442420127579684 0.04280870685615061 -0.08852681875674141 -0.30114714043213314 -0.28802444172787106 -0.27658172485794325 -0.05905257794990847 -0.06261261501713546 -0.5962268159884947 -0.7610372399835222 0.20336167373123407
-0.46108156600743766 -0.20759332873049616 0.041433926738084284 -0.30069526826748416 0.09443046016858604 0.15400709854158495 -0.00988679182787806 -0.011721996762563896 0.6076270106057224 0.07287902678109164 -0.39073719585593425
-0.22401210142865977 -0.09024970300974962 0.032481788380469744 -0.2913783675453612 0.11681171223042187 0.17690519191056328 0.06101721722205352 0.060248808290512115 0.6944686362829935 0.2985786024001847 -0.40950311356443286
0.8323774421078386 0.4576853561479314 0.4381780460041328 0.6157309442292477 0.7603727804358044 0.7693647802693456 0.47792146868364427 0.4796242271209369 0.8315615106496063 0.8777343364002278 0.483239919422382
nan nan nan -0.04969039949999534 -0.05735393346764043 -0.05735393346764044 nan nan nan nan -0.07725802907159339
nan nan nan nan nan nan nan nan nan nan nan
nan nan nan nan nan nan nan nan nan nan 0.05735393346764106
nan nan nan nan nan nan nan nan nan nan nan
nan nan -0.010000000000000004 nan nan nan nan nan nan nan -0.38167616080824757
nan nan nan 0.20398305818963436 -0.3685048389010054 -0.41292384960417544 0.009801980257097172 0.011625507499010207 -0.5852794956945347 -0.08704792615426897 0.38639252846341504
nan nan -0.010000000000000004 nan nan nan nan nan nan nan -0.38167616080824757
0.465255473090745 0.12796322732631418 -0.016002278129783196 0.6242905658233495 0.3713322083372533 0.3303448084706228 nan nan -0.45453767009189666 nan 0.3858134006475244
0.5712207235948853 0.964658024280422 1.0 0.9638843466453149 0.9630291530896661 0.9630291530896659 0.10577717706958902 0.10807077740672053 0.4144671409575888 0.2467026848422381 0.46479078739366486
-0.5977233887747874 nan nan nan nan nan nan nan nan nan nan
-0.1025032659794136 0.366450152525162 nan nan nan nan nan nan nan nan nan
0.10250326597941344 nan nan nan nan nan nan nan nan nan nan
0.4024610744898744 0.366450152525162 nan nan nan nan nan nan nan nan nan
0.5764540696984136 nan nan nan -0.42835807745874677 -0.46340022235846146 nan nan nan nan 0.24952844721234055
nan nan nan nan nan nan nan nan nan nan nan
-0.034909453824847794 -0.8775921912616744 nan nan nan nan nan nan nan nan 0.07712714038313663
0.009130462613431447 nan 0.014213381090568297 -0.888282747742674 -0.8360886673546369 -0.8087516387232883 -0.3134418605106984 -0.32229812130375096 -0.3537683003444693 -0.22892752812982073 0.07438438374624318
0.01443994486583623 nan 0.014213381090568297 -0.8688423148565031 -0.9121106437398476 -0.9121106437397938 -0.08095276920131501 -0.0809527692013262 -0.3386184490559432 -0.17657798179716216 0.07551433524027804
-0.4203375274863309 -0.5748152252070523 -0.423384259419417 -0.9057733544843185 -0.9375555373669511 -0.9376253932318465 -0.1258298248100746 -0.12797623789552984 -0.5673770288548338 -0.44619843246918567 -0.346276353488935
-0.31118414887936074 0.39774987526093347 0.7251588619530224 -0.9027524860709139 -0.9333285270512275 -0.9334354204455826 -0.12446265817277757 -0.12659091510394999 -0.5855969687889987 -0.45522597393829234 -0.33480878819077914
0.19557598445741256 0.787572789598684 0.7584498963826273 0.39425316674425603 0.703920906852391 0.7286780728651652 0.1168143871927348 0.11954498166401599 0.5923667478132075 0.4364351553512273 -0.04775306090765789
nan nan nan nan nan nan nan nan nan nan nan
0.4637105518073717 0.45448378834568365 0.18210633420117403 0.362957622733572 0.6823902554805356 0.7077468856020259 0.11921977293798425 0.12162487885738428 0.5534609898525812 0.27137133769379707 -0.02878912327365394
nan nan nan nan nan nan nan nan nan nan nan
0.5567767820680801 nan 1.0000000000000004 0.8910380675681404 0.9012572844583844 0.9012467590197195 0.06580041145476151 0.06850269504226093 0.6021550605727347 0.4239517223586681 0.3398059813038557
-0.07698546404078344 -0.8839673757392323 0.018220433162430754 0.2751700130955312 0.5092029377404278 0.544529611296072 0.06607266813536432 0.06607255021152306 -0.15068063212538985 -0.1958258400012341 0.0689183228459173
nan nan nan nan nan nan nan nan nan nan nan
nan nan nan nan nan nan nan nan nan nan nan
nan nan nan nan nan nan nan nan nan nan 0.057353933467640436
0.3462614013418433 0.2146589191917048 -0.00705634606008037 0.6255475993378752 0.5922770768769421 0.5815991701402068 0.24714771382618672 0.24720057302538762 0.4325540110442079 0.7502724465833296 0.3267355496098733
nan nan nan nan nan nan nan nan nan nan 0.057353933467640436
nan nan nan nan nan nan nan nan nan nan 0.057353933467640436
0.46446737248622677 nan nan -0.5168577927720635 -0.4142288853175878 -0.3966230241750799 0.2686591674634367 0.26834748094664396 -0.5880839631377311 0.7928853054087478 -0.204636145832537
0.42868471805991937 0.10099541794789738 -0.04462616413171745 -0.3172062364216688 0.1078729893553887 0.16771542867873468 -0.252046945449881 -0.2517568012023033 -0.26788184347708427 -0.6750982448527869 -0.23928674650804066
0.369783769173177 0.1464614323525883 -0.16992617144129074 -0.1611480778454147 0.23381991158754425 0.28499261951074417 -0.12154100281087883 -0.11946531768610948 0.5724650739738951 0.5702401414431895 0.07513386369848393
-0.717757649349779 0.029603054293604807 -0.10997869464861439 -0.2928196365397352 -0.27905716799376007 -0.2593926560823725 0.022459949009376486 0.01746900918821084 -0.6601666051798858 -0.6724629967241728 -0.07627942577518886
-0.4296154200551408 -0.23356936365375952 0.026007607579679844 -0.306382025265499 0.10641897470532177 0.16632940210622502 0.0025000867155263924 -0.002500354809430439 0.6759236100089727 0.06454921944244894 -0.4893279987985007
-0.27452676535592857 -0.12611944659462673 0.018965573061304232 -0.3042217916119165 0.10836626379286529 0.16826472782474186 0.09625717190300852 0.09503765495644721 0.7162788664474937 0.25191111455253246 -0.3756038687129366
0.8076353520094727 0.48003010996745354 0.4381780460041329 0.6047400996501496 0.7332400108668042 0.738406732149898 0.3404066610190656 0.3469623261492744 0.8305653359644406 0.8827828551204923 0.5115581022962656
nan nan nan -0.04969039949999533 -0.057353933467640436 -0.057353933467640436 nan nan nan nan -0.08151525527228179
nan nan nan nan nan nan nan nan nan nan nan
nan nan nan nan nan nan nan nan nan nan 0.057353933467640436
nan nan nan nan nan nan nan nan nan nan nan
nan nan -0.01 nan nan nan nan nan nan nan -0.3816761608082476
nan nan nan 0.2616344555991529 -0.2021278226473282 -0.2482020800995971 -0.0024999795021085364 0.0025000867155263924 -0.6725070771443419 -0.05752951775083144 0.3494951406424469
nan nan -0.01 nan nan nan nan nan nan nan -0.3816761608082476
0.4666928265850292 0.15132661938114805 0.003509076709145859 0.6369989544158364 0.3373405565373032 0.29696389075038876 nan nan -0.5084646426169686 nan 0.4189641764218137
0.5684503844465253 0.9994737672634592 1.0 0.995447486146014 0.992655959362828 0.992655959362828 0.10577717706958902 0.1080707774067205 0.41446714095758863 0.24670268484223787 0.4605272653272902
-0.5969813520637431 nan nan nan nan nan nan nan nan nan nan
-0.12288791847633718 0.3664501525251617 nan nan nan nan nan nan nan nan nan
0.12288791847633718 nan nan nan nan nan nan nan nan nan nan
0.40993601720309913 0.3664501525251617 nan nan nan nan nan nan nan nan nan
0.5809022883031266 nan nan nan -0.4283580774587469 -0.4634002223584613 nan nan nan nan 0.36751372299339585
nan nan nan nan nan nan nan nan nan nan nan
-0.053493909401445223 -0.8849748649581618 nan nan nan nan nan nan nan nan 0.08151525527228179
0.0746845984226057 nan 0.01421338109037403 -0.9624327591878027 -0.8857455091056051 -0.8598118807240069 -0.2678300852134699 -0.2746391863229214 -0.3417910945774013 -0.21274882393635855 -0.2787920526068777
0.06459660901111768 nan 0.01421338109037403 -0.9624569084534718 -0.9636222746857313 -0.9636222746857313 -0.044819545264817164 -0.044819545264817164 -0.3587075968143682 -0.16711674637618193 -0.16204881252312614
-0.44015712978255556 -0.2989610781348705 -0.1722703634698965 -0.6513514812069601 -0.751253542863444 -0.7512844771058184 -0.21748492626581242 -0.2172741950183567 -0.8392633489673635 -0.8580145725893032 -0.17163379989258906
-0.22797292120595414 0.3425067031446303 0.17180002494468502 -0.6513273602541156 -0.7509311704515419 -0.7510106209894073 -0.21838358368954652 -0.2182844995236646 -0.8569313109555592 -0.8569012442190027 -0.14682758873376547
0.360906451259691 0.42196673455543937 0.1718095647182651 0.40311116785410633 0.6392238312825543 0.6612757541733721 0.18402680389215567 0.18907687886128297 0.7158191474292165 0.5517152156706847 0.10793161225912046
nan nan nan nan nan nan nan nan nan nan nan
0.3321299547194651 0.34816427454782656 0.1731158034471332 0.3190456255899648 0.5855145762730366 0.6103211790337638 0.18116713324942352 0.18374165085636926 0.6900905729687663 0.20435595267423093 0.10626779671401732
nan nan nan nan nan nan nan nan nan nan nan
0.6227616943001346 nan 1.0 0.9004783007803581 0.9375725515924648 0.9379076255893817 0.08738091306899377 0.09023556637065058 0.8523500329311453 0.791982108310634 0.20632499024102371
-0.3013363768042532 -0.36591943280387085 0.02059951533921683 0.14540694774758067 0.352051164042363 0.3930285418663446 -0.0221190217866101 -0.022142697138230975 -0.169455042183137 0.32754275513814746 0.36628912909234473
nan nan nan nan nan nan nan nan nan nan nan
nan nan nan nan nan nan nan nan nan nan nan
nan nan nan nan nan nan nan nan nan nan 0.057353933467640436
0.30366716849955755 0.18539036810234946 -0.006152390139120026 0.5760432320209085 0.5300666814233175 0.5200198011552545 0.21821789023599236 0.2184018075802585 0.36921206313228144 0.6466569770511907 0.30976623545589954
nan nan nan nan nan nan nan nan nan nan 0.057353933467640436
nan nan nan nan nan nan nan nan nan nan 0.057353933467640436
0.43765277668376623 nan nan -0.4379113063436836 -0.3520532161365731 -0.33650953157960917 0.25850370345111356 0.2581988897471611 -0.5825784226032253 0.7307866364584623 -0.19292941610229683
0.35440613550671457 0.08348307559426588 -0.037037187349382335 -0.2630509566021711 0.08947180252021772 0.139119888244173 -0.22886885410853172 -0.22853656892106483 -0.23566905987702935 -0.5994408805385867 -0.20682262469595628
0.30587516699681067 0.1209565264166012 -0.14111214384089782 -0.13345780404464935 0.19347507825300503 0.235818108847097 -0.11412372697475759 -0.11230502630319221 0.4955301131953856 0.5034227790547539 0.0645028217636105
-0.5961788078098471 0.025274220079644374 -0.09229915912604177 -0.24201725975366895 -0.2306999780165875 -0.21453850824507087 0.019381883305055494 0.015078260015768438 -0.5485104147576257 -0.5615769003608435 -0.06507524455472606
-0.3627422608139836 -0.20211011334895218 0.022254605016040766 -0.2547627864752504 0.08870643282707254 0.13865908834269386 0.0021869328378394917 -0.0021887471824318405 0.573775311472154 0.05551939214642497 -0.41843005806904643
-0.22954906455877527 -0.10854060704796596 0.016101776150485476 -0.25296287693398933 0.09024740518946245 0.14015829008743963 0.08416703070157326 0.08321186725496098 0.6099423853262413 0.2167087561947267 -0.3219744562974107
0.737749613533201 0.469818200387217 0.43817804600413285 0.5776822144411954 0.6876555710807061 0.6916665105512564 0.32714985408376235 0.33408408503508763 0.7478118940509966 0.8170787532519077 0.47419391296223556
nan nan nan -0.049690399499995326 -0.057353933467640436 -0.057353933467640436 nan nan nan nan -0.08131425093701776
nan nan nan nan nan nan nan nan nan nan nan
nan nan nan nan nan nan nan nan nan nan 0.057353933467640436
nan nan nan nan nan nan nan nan nan nan nan
nan nan -0.01 nan nan nan nan nan nan nan -0.3816761608082476
nan nan nan 0.2440361017932707 -0.18096846775340417 -0.22173439446145607 -0.002182802649379197 0.002183833002351083 -0.5833489501115672 -0.04893449751437658 0.3432201088815142
nan nan -0.01 nan nan nan nan nan nan nan -0.3816761608082476
0.39508284783623504 0.13951188886927768 0.003085332483701447 0.5908720385484394 0.31819805153394637 0.2803922413623661 nan nan -0.48155693368102404 nan 0.3876901388024931
0.5632221641047003 0.9924867455637685 1.0 0.9776258038684231 0.9712858623572641 0.9712858623572641 0.10577717706958903 0.1080707774067205 0.41446714095758863 0.2467026848422379 0.4526412425169016
-0.5749766680562957 nan nan nan nan nan nan nan nan nan nan
-0.1190573119849042 0.3664501525251617 nan nan nan nan nan nan nan nan nan
0.1190573119849042 nan nan nan nan nan nan nan nan nan nan
0.4082086219712791 0.3664501525251617 nan nan nan nan nan nan nan nan nan
0.5189159577422577 nan nan nan -0.4283580774587468 -0.46340022235846123 nan nan nan nan 0.3561520579629107
nan nan nan nan nan nan nan nan nan nan nan
-0.051033397799544765 -0.8734639878991001 nan nan nan nan nan nan nan nan 0.08131425093701776
0.0689243722979263 nan 0.01421338109037403 -0.9309440301093328 -0.8515058401335268 -0.8281565091271703 -0.2547843890725743 -0.26182385387220236 -0.3056490353113806 -0.19623466537163012 -0.2575655622265264
0.05957439054945162 nan 0.01421338109037403 -0.931220069857463 -0.928752540124751 -0.928752540124751 -0.0421194198647475 -0.0421194198647475 -0.31991750933263424 -0.1525174720139854 -0.1508610876182787
-0.36720940310019307 -0.2525352895698626 -0.1460983134142805 -0.5574054269699273 -0.63594607941371 -0.6362169829742031 -0.19554980199433958 -0.19532234495865894 -0.7126181932273441 -0.7950468307521064 -0.1471570396679607
-0.18835491690931336 0.2893918059143688 0.14376960117634727 -0.5518045604388466 -0.6348659154417826 -0.6354053088402216 -0.1983163609231601 -0.19821081734946697 -0.7289881905523845 -0.7919657016174652 -0.1259459151543383
0.297993775035873 0.3587197202195456 0.14382907154132143 0.3357529766803166 0.5316997897664708 0.549989489191325 0.16157007714743812 0.16607721595484298 0.5966691902103735 0.4654088084796229 0.0927304101544946
nan nan nan nan nan nan nan nan nan nan nan
0.27361790322940055 0.2888892455424986 0.14784425419091457 0.2653804094623058 0.4859087939465998 0.5064953803747342 0.1614691762829649 0.16386929807974054 0.5837087763284343 0.17380162557042797 0.09103078798610234
nan nan nan nan nan nan nan nan nan nan nan
0.5691034006396388 nan 1.0 0.8692620587552861 0.9005405447946034 0.9030487015680002 0.0817488076837557 0.0846903873997295 0.7128977318220311 0.6645164838580329 0.18913595532694444
-0.25134846661070726 -0.3027539137223004 0.017099291997098313 0.12255439618160933 0.2945382664599967 0.32867080106645075 -0.02011050077711202 -0.020174890378477688 -0.14450726356009672 0.27762247493924513 0.3158019934442729
nan nan nan nan nan nan nan nan nan nan nan
