S41, S110, S100, S101, S102, S106, S107, S108, S122, S124, S126, P1, P2, S10, S33, S35, S37, S39, S40, S41, S46, S47, S5, S53, S55, S6, S64, S7, S70, S8, S9, S112, S113, S114, S115, S123, S127, S201, S202, S203, S73
-0.6151385650493696 -0.6100517401832294 -0.14125178605177746 -0.13954205144869244 -0.32206906536277236 -0.05981268672587693 -0.2396472568877643 -0.2602398977961777
nan nan nan nan nan nan nan nan
-0.6084470782630991 -0.6079514394388298 -0.7369948404913639 -0.7326664322856652 -0.7609229980663291 -0.13874875062626818 -0.7817473994696116 -0.8556963347960712
-0.19576435378208784 -0.18893559133021673 0.7378956191541419 0.7380077824812851 -0.7690291213630334 -0.13232487454375094 -0.783194705498865 -0.8570183551927427
0.0038495413998516563 0.008735186626135042 0.4472924993800769 0.4450818563584617 0.7497765972296568 0.14758049195487158 0.7002314059435484 0.786184115658467
nan nan nan nan nan nan nan nan
0.3984544867781392 0.40060550196117717 0.36419180594603223 0.36243883197622084 0.6090714787484247 0.1282331252498085 0.6938264000879889 0.750439803327678
nan nan nan nan nan nan nan nan
0.33475742849048057 0.32921641872779855 nan nan 0.759154135786579 0.13222238091648217 0.6959511892336431 0.7901634445192637
-0.23534674689975638 -0.22835559297340122 0.30392453166598454 0.30351658137207044 0.8081805327429398 -0.009487328041542242 0.3691383808167221 0.4231963012426911
0.3243021767164209 0.32643823639539515 0.7115412929769032 0.7087512585777772 0.7697540612855698 0.13139550899534386 0.6944847285219069 0.7901570546603448
nan nan nan nan nan nan nan nan
nan nan nan nan nan nan nan nan
0.47939881493229874 0.4876162912870497 0.03726852521022787 0.03813167520403885 -0.08839071938358539 0.06652389865945833 0.6365252012848067 0.7895076939653605
nan nan nan nan nan nan nan nan
nan nan nan nan nan nan nan nan
0.4804584701841192 0.47937366168559903 nan nan nan 0.9999999999999974 -0.21290131177759988 -0.2563808291521243
0.5268167691412602 0.5328340252111614 -0.023009129034940776 -0.023300191379580632 -0.1451197073877971 -0.031051540588973848 -0.16300687538568137 -0.2569089382135421
0.30684275075766526 0.3063746055531947 -0.03459800284891308 -0.03495223994395416 -0.16988676947543466 0.3032829929261033 0.4687217941638669 0.5119166094731324
-0.6151385650493696 -0.6100517401832294 -0.14125178605177746 -0.13954205144869244 -0.32206906536277236 -0.05981268672587693 -0.2396472568877643 -0.2602398977961777
0.1136859295334263 0.10074674755933453 0.05770253572426271 0.055969105877923656 -0.4317732854486951 0.14047010766332124 -0.09304389749376489 0.006203877061451137
0.3307188343359611 0.3201318290886905 0.23529396081836781 0.23514810733824304 -0.2163569719669069 0.20379042752931992 0.1560994737337319 0.2030045593094111
0.8596779151579826 0.8596779151579826 0.5141964530794951 0.5141964530794951 0.7164660594317931 0.9700021934609985 0.677075111054858 0.7267802086799654
nan nan nan nan nan nan nan nan
nan nan nan nan nan nan nan nan
nan nan nan nan nan nan nan nan
nan nan nan nan nan nan nan nan
nan nan nan nan nan nan nan nan
nan nan nan nan 0.1147875263236604 -0.1397562778358271 0.023254127914523838 -0.07691904634426618
nan nan nan nan nan nan nan nan
-0.20031484904123226 -0.18887707540558368 -0.1338579926925523 -0.13385799269255272 0.2942633730441744 nan nan nan
-0.2878663703930552 -0.27982851313553725 nan nan nan nan nan nan
0.32301933600528404 0.31702359920497053 0.3664501525251617 0.3664501525251618 -0.3971954872947807 nan nan nan
-0.3170235992049707 -0.3110811615245779 nan nan 0.39719548729478055 nan nan nan
0.09774937805548349 0.09774937805548356 0.5208495668465812 0.5208495668465813 nan nan nan nan
0.203381562585325 0.19600792125464805 nan nan -0.39719548729478055 nan nan nan
nan nan nan nan nan nan nan nan
-0.3906698318196262 -0.3969095618253635 -0.9111033616314548 -0.9111033616314688 -0.24928469095150876 nan nan nan
-0.4123851305776905 -0.4045840654523291 nan nan -0.494609624943708 -0.16426476245924934 -0.4642162713265177 -0.5644153954286351
-0.3952705258821298 -0.3875030634149808 nan nan -0.507497184419796 -0.18532306571290946 -0.322246366192455 -0.4480851723672487
0.8242218352303571 0.8242218352303571 0.9646580242804218 0.9646580242804218 0.759154135786579 0.10049875621120885 0.6269758635294296 0.7302405247890773
-0.5980840932158568 -0.5972130444875609 -0.14500585718889702 -0.14231304256752392 -0.4016502592389364 0.0 -0.22319782320406814 -0.24820800515992777
nan nan nan nan nan nan nan nan
-0.6305425820447306 -0.6305683338676927 -0.44022884228418413 -0.4402545199890125 -0.5824184686888311 -0.18420830336072977 -0.49242977988957537 -0.6145774113976985
-0.1945229664994509 -0.1936526176560529 0.43746623191969575 0.4375372517858777 -0.5912262871611366 -0.1847260044262488 -0.49300158814067924 -0.6151021088112993
0.08951866651852543 0.10603181859475828 0.4313175412797643 0.4313175412797643 0.5638840797431146 0.18526886935133538 0.4869565072322808 0.6092492727170405
nan nan nan nan nan nan nan nan
0.4197670349784765 0.42150642851433556 0.3987366854854664 0.39739169026264637 0.5204125436101784 0.18485157892702841 0.43741380027660404 0.570542967515332
nan nan nan nan nan nan nan nan
0.40139834681765935 0.39455102684252363 nan nan 0.7623780482703456 0.18925950266540179 0.49018657524872705 0.6131556131360563
0.06304193848424956 0.07956327408701842 0.36598239072410255 0.3632838540927995 0.5726908151816306 -0.04228063962344854 0.317073214553799 0.39635999640373093
0.3680608047804646 0.36805543168493715 0.4428517385475599 0.443021727676104 0.5922534604935848 0.1880924318899236 0.4961262251792182 0.6178511589905759
nan nan nan nan nan nan nan nan
nan nan nan nan nan nan nan nan
0.5509394195863572 0.5518216284247661 0.08954012694574341 0.0918277921846527 -0.047854005500662176 0.0 0.2668202087482681 0.4515193884613508
nan nan nan nan nan nan nan nan
nan nan nan nan nan nan nan nan
0.5622992158602267 0.5622992158602267 nan nan nan 1.0 0.024737772845205657 0.008847596361947832
0.5828423233386502 0.5828423233386502 -0.022067409088732125 -0.022067409088732125 -0.17271396010594836 0.0 -0.15121776596401823 -0.23973032128402855
0.312045297154119 0.312045297154119 -0.038116544924126805 -0.038116655968686824 -0.17705046242006292 0.19222817208286302 0.38874162874535034 0.48064979989748136
-0.5980840932158568 -0.5972130444875609 -0.14500585718889702 -0.14231304256752392 -0.4016502592389364 0.0 -0.22319782320406814 -0.24820800515992777
0.21878202851559245 0.2045137889717754 0.062659961079903 0.06130337059231411 -0.4224617055318265 0.12460072728827355 -0.11327165454909842 -0.006822708054592116
0.3467175549640985 0.3340949070386738 0.21395209267405368 0.21395209267405368 -0.2288074665195767 0.1633352189090815 0.11455254578704739 0.18587166973348282
0.7011480283411251 0.7011480283411251 0.5561967421009321 0.5561967421009321 0.6285340009180774 0.7106335201775947 0.5110433028866986 0.6372978672013445
nan nan nan nan nan nan nan nan
nan nan nan nan nan nan nan nan
nan nan nan nan nan nan nan nan
nan nan nan nan nan nan nan nan
nan nan nan nan nan nan nan nan
nan nan nan nan 0.13274830182510097 -0.11356540248008401 0.047286899369573344 -0.07192618965496655
nan nan nan nan nan nan nan nan
-0.21778579876994078 -0.2064812801098573 -0.1395708526060019 -0.1395708526060019 0.32663292488996476 nan nan nan
-0.292479935253637 -0.2846555955784213 nan nan nan nan nan nan
0.33640424756915993 0.32957383892396114 0.3664501525251617 0.3664501525251617 -0.39719548729478066 nan nan nan
-0.32957383892396114 -0.3227537586183184 nan nan 0.39719548729478066 nan nan nan
0.09774937805548353 0.09774937805548353 0.5208495668465812 0.5208495668465812 nan nan nan nan
0.20439366302383818 0.19591919752529902 nan nan -0.39719548729478066 nan nan nan
nan nan nan nan nan nan nan nan
-0.45055593067320265 -0.45770672742268625 -0.9991884457401677 -0.9991884457401677 -0.24928469095164493 nan nan nan
-0.45030820540331185 -0.4432839157344498 nan nan -0.5521556446801902 -0.15654461437307576 -0.43335914823428845 -0.544323463594809
-0.42276667295008785 -0.4158166603523365 nan nan -0.6664755818362871 -0.16484458786062375 -0.3246204867776382 -0.45015717579887154
0.8333839420622323 0.8333839420622323 0.9994737672634592 0.9994737672634592 0.7623780482703456 0.1004987562112089 0.5510909502689362 0.6685814861796207
-0.49414099667327477 -0.4933732056488628 -0.12302291313420964 -0.12070607066979004 -0.34046736033658187 0.0 -0.1876477865393268 -0.20693819383406825
nan nan nan nan nan nan nan nan
-0.5228735822924696 -0.5230855724014398 -0.3654076179730347 -0.36559313233639623 -0.5031014992603252 -0.16907916618206112 -0.4165519384000427 -0.5154095842026951
-0.16163197528092363 -0.1609087897091969 0.3728433733973493 0.37304533612999646 -0.5100865018551735 -0.17109647770728872 -0.4184693850644729 -0.5181954379275401
0.07373346284876386 0.08733478123834167 0.35545785622365156 0.35545785622365156 0.4735755746036033 0.17282528245507087 0.4064013136486669 0.5084971469548693
nan nan nan nan nan nan nan nan
0.3455529746058668 0.3470184286597537 0.32984122366259466 0.3286350433910604 0.4422819711785514 0.17037481092399637 0.3711558197200703 0.47992756977323847
nan nan nan nan nan nan nan nan
0.364358121954119 0.3586874760651308 nan nan 0.7556405662255709 0.18027531034590397 0.4054532283244973 0.5099118796225723
0.05212918294024299 0.06579062398665149 0.30305950975621543 0.30066122550571783 0.48420771422833725 -0.03839203270183936 0.27041173400891133 0.3374367138467155
0.30646988470593933 0.30640724395215146 0.37690219912191564 0.3774322149160859 0.5227120659974447 0.17911485212971265 0.42972898574626234 0.5297532813314239
nan nan nan nan nan nan nan nan
nan nan nan nan nan nan nan nan
0.4702983601718174 0.4710514400119645 0.0774836401280679 0.07962615883372884 -0.04260006592408965 0.0 0.22806590205592692 0.38635400214480886
nan nan nan nan nan nan nan nan
nan nan nan nan nan nan nan nan
0.5069647282221583 0.5069647282221583 nan nan nan 1.0 0.023992899152620744 0.008557078682087535
0.48123370188465847 0.48123370188465847 -0.01819894943588832 -0.01819894943588832 -0.1532486272801207 0.0 -0.134148345523645 -0.21429543666193818
0.2574820348456498 0.2574820348456498 -0.031434549025625286 -0.03143769483989642 -0.15786813577052974 0.18669587648437896 0.3352247888619374 0.41028942895919174
-0.49414099667327477 -0.4933732056488628 -0.12302291313420964 -0.12070607066979004 -0.34046736033658187 0.0 -0.1876477865393268 -0.20693819383406825
0.18728947416154854 0.174812367242964 0.05375415426582842 0.052575041039018666 -0.3589957867305425 0.11223200471366662 -0.1000630147678521 -0.0060153408806158356
0.28857180115229686 0.2780149196783794 0.1842418640141014 0.1842418640141014 -0.19306945097014513 0.14837455421319903 0.09794222731795088 0.15869587826639311
0.6322121082519859 0.6322121082519859 0.5445238518785154 0.5445238518785154 0.5984358977603016 0.7088812050083358 0.46371605096009527 0.5763806895138242
nan nan nan nan nan nan nan nan
nan nan nan nan nan nan nan nan
nan nan nan nan nan nan nan nan
nan nan nan nan nan nan nan nan
nan nan nan nan nan nan nan nan
nan nan nan nan 0.130081079718474 -0.10191360095150696 0.03991071929031343 -0.06070551553645565
nan nan nan nan nan nan nan nan
-0.18676939771107298 -0.17719380525610803 -0.1275251668027891 -0.1275251668027891 0.2771866223394357 nan nan nan
-0.2875702886801638 -0.2798910098398292 nan nan nan nan nan nan
0.3246093449121906 0.31859081581463267 0.3664501525251617 0.3664501525251617 -0.39719548729478066 nan nan nan
-0.31859081581463267 -0.3126047058082499 nan nan 0.39719548729478066 nan nan nan
0.09774937805548353 0.09774937805548353 0.5208495668465812 0.5208495668465812 nan nan nan nan
0.18673969685155262 0.17932539186461838 nan nan -0.39719548729478066 nan nan nan
nan nan nan nan nan nan nan nan
-0.40938338141351455 -0.415451092541136 -0.9858676419203161 -0.9858676419203161 -0.249284690951645 nan nan nan
-0.40858879209659876 -0.4028151262820255 nan nan -0.5363675651186398 -0.14960625306141914 -0.3916016163222181 -0.48985903458824454
-0.3875412530724085 -0.38171143614444664 nan nan -0.6433347473620283 -0.15722065744480626 -0.2892680270296624 -0.4030450429311259
0.8012145703891518 0.8012145703891518 0.9924867455637685 0.9924867455637685 0.7556405662255709 0.10001922892047385 0.5270112171888385 0.6333414462030764
