S41, S110, S100, S101, S102, S106, S107, S108, S122, S124, S126, P1, S10, S33, S37, S39, S40, S41, S46, S47, S5, S53, S55, S6, S7, S70, S8, S9, S112, S113, S114, S115, S123, S127, S201, S202, S203, S73
-0.06808998196179757 -0.0355726187727647 0.026290594037695993 -0.006153219789686367 0.06608844124612688 0.2707981951066988 0.017457904777425294 0.007316068456071173 -0.1230206553126962 -0.017686888821165425 -0.3707426755330831 0.09299990182428605 0.09669780202967386 0.2192232953694496 -0.33633062655743173 -0.3218602263342701 -0.2844226895984748 -0.19699161364914045 -0.01788274291495563
nan nan nan nan nan nan nan nan nan nan nan nan nan nan nan nan nan nan nan
-0.4868387272503092 -0.48638116828192124 -0.7545423349428098 -0.9111439766233103 -0.03443813465999282 -0.7702711946008336 -0.42930676254928524 0.15866519175994395 -0.5090383493553977 -0.6683655562765467 -0.6770084131594976 0.3742475103453003 0.37570167553592193 -0.7558492454228193 -0.5839512769829724 -0.5856643964415902 -0.3845063344521644 -0.22330561632063392 0.15233570697638524
nan nan nan nan nan nan nan nan nan nan nan nan nan nan nan nan nan nan nan
0.03747686794908135 0.010544300097925488 0.35435032123253946 0.4436168420051029 -0.1714555330515583 0.4653922661616689 0.255398092994082 0.7697938077337356 0.3912881922546556 0.3968998068035726 0.7754848152866926 0.8760986517473583 0.8762727015611897 0.44252493696810213 0.47164259103002176 0.46512842801437504 0.4800041405270566 -0.0018927541746857348 0.34931769254160855
nan nan nan nan nan nan nan nan nan nan nan nan nan nan nan nan nan nan nan
0.020640963465805597 -0.00808065226274178 0.26195916562708915 0.35247226528973835 -0.2143926370789173 0.6995757085759887 0.038021332454940306 0.5084217072280766 0.5134297317179429 0.5529360996860053 0.81198234898508 0.7549179549691284 0.7551667744961226 0.3784126310487616 0.4876884127584346 0.48309691746066774 0.44310917696348084 -0.1478690846933427 0.285186213253442
nan nan nan nan nan nan nan nan nan nan nan nan nan nan nan nan nan nan nan
nan nan 0.772544925537843 0.9352299855482198 -0.03637940459989827 0.667313602499226 0.4713511239766717 1.0 0.1294410792963204 0.26890427689130275 0.7815825990354676 0.9477264815710106 0.9477264815710106 0.6443835598220925 0.611430340575031 0.6067062123226628 0.5384471757864505 0.21387647889598582 0.30094012024117783
-0.03171738653191742 -0.04422800821517074 0.3780362147552786 0.4928092917919834 -0.14695288825483044 -0.0204850377016711 0.3010470808602998 0.1552975656661206 0.11563181562694451 0.12138093122017098 0.27264824816092914 0.2340409340297417 0.23458012211192988 0.6272212612267902 0.159265780105199 0.15196975733303203 0.40466664444490186 0.0548787518797124 0.5102790517336191
0.12410506105639592 0.10212727033245099 0.6503134937045342 0.667431620582113 0.010212820103889787 0.6366838642359978 0.45944720209655737 0.8404324815931441 0.47991649975472844 0.5555538760716235 0.7330571702855612 0.9622576485090728 0.9622576485090727 0.6082289670710317 0.5759641062402348 0.5734540995105744 0.5067352609754533 0.13879829638964178 0.3622862327026637
nan nan nan nan nan nan nan nan nan nan nan nan nan nan nan nan nan nan nan
-0.132219400196569 -0.1302159223401427 0.29821111665394656 0.43599176004543155 -0.1940283508981665 nan -0.24999486077888325 0.03808620287332354 nan nan 0.27973021518865177 -0.29375156317767775 -0.29375558070253577 0.17227446541288635 -0.19804124534129414 -0.17796709676149242 -0.2920534035813569 0.050958631073114574 -0.11491987182449653
nan nan nan nan nan nan nan nan nan nan nan nan nan nan nan nan nan nan nan
nan nan 0.13797161558649187 nan 0.3207208670071622 0.1981942495008469 0.0038884284361438643 nan -0.2704562836322385 -0.24103179141737305 0.3626217790737209 nan nan -0.04966813961846901 0.09681308375835133 0.10293583797636396 -0.01857997354221039 0.045598106808995655 nan
-0.09425739987574754 -0.0978444885967566 0.30447545234452567 0.35932294458018366 -0.23143502946773875 -0.09043080175163726 -0.09266085884209153 0.01869872151964061 0.32432048871618535 0.36816122667387746 0.4796870046262058 -0.4371881783283376 -0.4372047509526054 0.26595341926946126 -0.21921763336957653 -0.20245570829178564 -0.22718350832938372 0.054798515041467454 -0.15052230951967688
-0.08479929731381904 -0.0890082311900107 0.3190901924938792 0.3879631349414834 -0.17109352985755366 -0.09066454716130963 -0.10099178695402954 -0.021613426176963487 0.20456830388727681 0.3434440258398436 0.49190463889669067 -0.6153934717885184 -0.6153934717885199 0.20000526461941037 -0.19458240945838 -0.17763755295825584 -0.2045562202817877 0.11943090213071048 -0.20716008513829903
-0.06808998196179757 -0.0355726187727647 0.026290594037695993 -0.006153219789686367 0.06608844124612688 0.2707981951066988 0.017457904777425294 0.007316068456071173 -0.1230206553126962 -0.017686888821165425 -0.3707426755330831 0.09299990182428605 0.09669780202967386 0.2192232953694496 -0.33633062655743173 -0.3218602263342701 -0.2844226895984748 -0.19699161364914045 -0.01788274291495563
-0.18476732684890537 -0.2007919041693929 -0.4999809830868651 -0.07199145189449972 -0.45979416176051846 0.42660400554127265 -0.4788959261528615 0.1251767232911957 0.05905757105481612 0.3175153822560283 0.6963831885059318 0.03885182035052114 0.03951372765853694 -0.20811069185637662 -0.08179780315312656 -0.07853827196712686 -0.20658767396931857 -0.3876149302378335 0.15770031077454139
-0.18737057474162225 -0.2034734744863171 -0.3767125519024336 -0.014006251475117613 -0.36477146637488755 0.4704465181266149 -0.34224770733469484 0.14479405611228272 0.2191151444922278 0.33688558133379376 0.6890814652568024 0.05479260645992309 0.05538063124942246 -0.20343969496678982 0.1682964407474394 0.16333281194556 -0.09624253424056607 -0.33305783513780335 0.18307324272199402
1.0 1.0 0.9031403641242457 0.7413051447146037 0.7337997378990436 0.8108748946163915 0.6725199728247339 0.7035623639735145 0.6097882363389153 0.5838843547294377 0.9193056358181426 0.9477264815710109 0.9477264815710109 0.24538986145780955 0.7532503677610178 0.7435494204044508 0.6258321684891647 0.6802972074053623 0.5331528566029982
-0.11689516606792114 -0.14284271211385058 nan nan nan -0.36175396449202435 nan nan nan nan -0.7467074158974151 nan nan nan nan nan nan nan nan
nan nan nan nan nan 0.36175396449202446 nan nan nan nan 0.729958877606968 nan nan nan nan nan nan nan nan
nan nan nan nan nan nan nan nan nan nan nan nan nan nan nan nan nan nan nan
-0.1150965957879748 -0.14073344364024967 nan nan nan -0.36175396449202435 nan nan nan nan -0.7299588776069682 nan nan nan nan nan nan nan nan
0.030992705296194266 0.030992705296194807 0.1593905362643818 0.09657254004200617 nan 0.4039350087221498 0.2510545575341389 0.024868236565094504 0.2860387767737707 nan 0.7291429812617041 0.05953277156819058 0.05953277156820114 -0.1425862115986524 0.054426453679525824 0.0531852764006267 nan nan -0.25295748149757585
nan nan nan nan nan nan nan nan nan -0.45521571818039497 0.212912634954943 nan nan nan nan nan nan nan nan
0.18283731846327905 0.1998602401941221 0.5172750586388742 0.08668765553311743 0.46957658827446114 nan 0.5409212581827658 -0.11458868706433865 nan nan nan -0.053268590008477515 -0.05337299468241316 0.022408187939676298 0.1406205917979882 0.13345253792233688 0.22029209650800918 0.48927260450111243 -0.12611816861178196
nan nan -0.2939809696083401 nan 0.4229205464598357 0.045507311317948905 -0.1630336493835176 nan -0.012615647859673219 -0.14317723585601141 -0.6244681494782773 nan nan nan 0.24509643664239963 0.25288417166599086 -0.450716913737977 -0.01188578931545821 nan
nan nan -0.11661700891048715 nan 0.2801464920322746 0.21036013411180837 -0.1931421046742275 nan -0.2217429272202578 -0.22313548159874017 -0.5414285146208826 nan nan nan 0.09498622196071091 0.10099343987574734 -0.409968538441782 0.10832737476907887 nan
nan nan 0.1379425537973984 nan -0.28014649203227465 -0.21036013411180846 0.1931421046742275 nan 0.2217429272202578 0.2231354815987401 0.5414285146208826 nan nan nan -0.0949862219607109 -0.10099343987574733 0.3601663127788019 -0.10832737476907855 nan
nan nan 0.16992342581553593 nan 0.12097167578182677 nan nan nan nan nan nan nan nan nan 0.1468417515558841 0.15026857675938207 nan nan nan
nan nan 0.31141965692427326 nan -0.27060030478646546 0.3363280596993294 0.10051156926347328 -0.09901475429766736 -0.1472075914583158 0.3323310221653721 -0.6072465878587519 nan nan nan -0.1654520591411688 -0.17031439843905322 0.41632317653778933 0.046193428723204255 nan
nan nan nan nan nan 0.07285465988311297 nan nan 0.005636333938504202 -0.11759880632850839 0.15852912849203665 nan nan nan nan nan nan nan nan
-0.7035623639732039 -0.7035623639733357 -0.18709153992486702 -0.43817804600337096 -0.3871381575219385 -0.0509318247193612 0.05237885642971034 0.010000000000144784 -0.12491650177582503 -0.1295035274384391 -0.22471517771079527 -0.8926257245366795 -0.8926257245366537 -0.3664501525255796 -0.22571248421532625 -0.2331724769628145 0.22073371906260705 0.08837099438892217 0.022821773229375928
-0.6649610826725025 -0.6649610826725357 -0.4157642658693352 -0.5902432522054307 -0.1164947227148226 -0.2748448714739344 -0.4825102189619359 -0.010000000000144784 -0.10019299409135998 0.06094839993330231 -0.5543481328539498 -0.7035623639737336 -0.7035623639736366 -0.7654733138709945 -0.3679790531246352 -0.3743547902972572 -0.006387808180641427 -0.21282691964868802 nan
nan nan nan nan nan nan nan nan nan nan nan nan nan nan nan nan nan nan nan
1.0 1.0 0.7222691614797657 1.0 0.10548042080208048 0.829585884277571 0.4949267889952325 1.0 0.5224003115179608 0.7778876524941848 0.8664619511873698 0.9477264815710109 0.9477264815710109 0.6443835598220928 0.6757805235022901 0.672818969128291 0.5101859140177275 0.3360652326870482 0.2860387767736776
-0.02232563466639541 0.027853265509275353 -0.02733789882476543 0.004019782514463122 0.07663230763043927 0.3056784048674603 0.018661660958506562 0.013810389243593419 -0.1387945613004674 -0.055994664247985396 -0.3182125382555749 0.09610227494763193 0.10103871552363844 0.20010314708026686 -0.3219976537301938 -0.31051320025246676 -0.27505667463966244 -0.20264982952911964 -0.07134080933428719
nan nan nan nan nan nan nan nan nan nan nan nan nan nan nan nan nan nan nan
-0.24524723047164373 -0.24905155104043378 -0.6842314926338487 -0.38845387672493303 -0.2224904473122277 -0.6992028774120287 -0.5011559445808125 0.16035114427616248 -0.3968425511484938 -0.5138862902096193 -0.6609888016599396 0.2334384583310516 0.23386196643854354 -0.4383466037485378 -0.5709216751105578 -0.5689579422090336 -0.41191806989234653 -0.21182329557679752 0.14101746929382258
nan nan nan nan nan nan nan nan nan nan nan nan nan nan nan nan nan nan nan
0.04231432385198763 -0.007408085574736887 0.40453659148744175 0.37494065274084354 0.22537780037147512 0.4621076763838183 0.20179096445498604 0.17666685927057532 0.35765198147590077 0.3926447508819092 0.7765279423096407 0.2584877246127485 0.2585110460731491 0.37353832547248256 0.5110428854986685 0.5003998492594629 0.4350567444000786 0.11586019547513811 0.17718008569858984
nan nan nan nan nan nan nan nan nan nan nan nan nan nan nan nan nan nan nan
0.02696252356528585 -0.022060246553415697 0.2061872596091431 0.33293576783849504 -0.004502693351000256 0.5773293394564513 0.16991214766071527 0.16835713672150168 0.34998143793105474 0.43266666752822597 0.7920423761115063 0.24218893844057812 0.24218041461282752 0.3380667747308494 0.5260014803488754 0.5173315646821922 0.32249401760114565 -0.13649551562564116 0.15500188708983398
nan nan nan nan nan nan nan nan nan nan nan nan nan nan nan nan nan nan nan
nan nan 0.7521300292275097 0.9995877138559044 0.2534299508331054 0.662887422816245 0.5934295625653816 1.0 0.20091343835401881 0.2689042768913027 0.7815825990354676 0.9999499987499374 0.9999499987499374 0.6719529693637424 0.6051307459570875 0.5998660998729828 0.5273344094752352 0.22585844262989843 0.3176461882332305
-0.014899626844809243 -0.01478215024832507 0.5128571630217958 0.3764213975010905 0.427853981474088 0.36400040621315727 0.2444668019728805 0.14869439752881985 0.2766928508040419 0.2714460463035749 0.5456369113880309 0.21255545373019072 0.21256478158814437 0.4196042333046537 0.49509837027847586 0.4857860112996746 0.38538710802484477 0.14902716671792526 0.17189398560767466
0.08856103929327819 0.07287028986560842 0.6233449024779512 0.38412505800787494 0.21200641267850392 0.6155795977421438 0.4722816812095421 0.19613480841936307 0.42368637998929665 0.47579385474069386 0.7552750024041538 0.9999499987499374 0.9999499987499374 0.43781041913692575 0.6019941635476496 0.5977319616535993 0.4683605660124603 0.14834520078105395 0.18989089108662444
nan nan nan nan nan nan nan nan nan nan nan nan nan nan nan nan nan nan nan
-0.12791166080766644 -0.12867998560217855 0.288799920952729 0.36585982480484236 -0.15834938658431297 nan -0.28954974011225715 0.0484547436633259 nan nan 0.2914164551264066 -0.2092259136867397 -0.20930983792445587 0.17793211179879073 -0.19673855082917427 -0.1777984924575832 -0.331019003908608 0.07988757881717566 -0.12604174579346517
nan nan nan nan nan nan nan nan nan nan nan nan nan nan nan nan nan nan nan
nan nan 0.3600002532316757 nan 0.13837131849341344 0.12452680129783257 0.05920753172443902 nan -0.21558913796560356 -0.23212461811236568 0.3626217790737208 nan nan -0.062253581148683415 0.1122269914575417 0.1194945461519295 -0.06754637195836401 0.013485667156681947 nan
-0.11907813847724913 -0.11994448827478145 0.3113785870312321 0.3582400775123758 -0.16257855503615043 -0.09011874482918654 -0.14411192105753112 0.03094933898605674 0.3336884079691212 0.28914940163214564 0.5506319177771298 -0.236778689189065 -0.23682529513652786 0.28063353863363066 -0.2314340127240083 -0.21463496516395977 -0.30213395347069155 0.07720945008398573 -0.13637115590246102
-0.11530371113022644 -0.11582417953806617 0.3328759454513345 0.36863100398628185 -0.1550823061970859 -0.09465932525389036 -0.15368907856379732 -0.030953325785017527 0.23939703673910442 0.25421009469563643 0.5656019145584259 -0.2441838474584326 -0.2441838474584326 0.24428179715781356 -0.2518137558240729 -0.23401275105651964 -0.24074746710320463 0.1313603176077674 -0.1381813806062546
-0.02232563466639541 0.027853265509275353 -0.02733789882476543 0.004019782514463122 0.07663230763043927 0.3056784048674603 0.018661660958506562 0.013810389243593419 -0.1387945613004674 -0.055994664247985396 -0.3182125382555749 0.09610227494763193 0.10103871552363844 0.20010314708026686 -0.3219976537301938 -0.31051320025246676 -0.27505667463966244 -0.20264982952911964 -0.07134080933428719
-0.22324491750286793 -0.22410107707277818 -0.5647346466307306 -0.09171974890712137 -0.3851539266209319 0.33011432859321993 -0.5444572564803721 0.12131576690763321 0.15013123773931214 0.3399794501148624 0.7323312118086032 0.051349168604795985 0.051340744444380394 -0.1735129571361192 -0.24572861419888664 -0.23055567045586253 -0.2061990805846798 -0.5168696617118848 0.15478294428833494
-0.22087339815241322 -0.22182150322923463 -0.43444649717122996 -0.029777668589533113 -0.27124841232540253 0.3597253581152476 -0.3360093390247015 0.13792169832089582 0.19138903994124806 0.3302862290067549 0.7164495381983162 0.06609555015910099 0.06608468205317877 -0.20236983802252365 0.13691919612096182 0.128536253179368 -0.03343705497003622 -0.4094658910168309 0.17180655198650435
1.0 1.0 0.8482881686360189 0.6736621800565844 0.7412287224291728 0.7142813669670236 0.69248418526478 0.7035623639735145 0.49777984970267947 0.5350802120025127 0.8856364248668589 0.9999499987499374 0.9999499987499374 0.2584244101909556 0.7375030416131833 0.724890408397321 0.5720798600256732 0.6564669927130576 0.3176461882332305
-0.11710760475409047 -0.1428427121138506 nan nan nan -0.326197926139793 nan nan nan nan -0.7467074158974151 nan nan nan nan nan nan nan nan
nan nan nan nan nan 0.326197926139793 nan nan nan nan 0.7299588776069682 nan nan nan nan nan nan nan nan
nan nan nan nan nan nan nan nan nan nan nan nan nan nan nan nan nan nan nan
-0.11509659578797482 -0.1407334436402497 nan nan nan -0.326197926139793 nan nan nan nan -0.7299588776069682 nan nan nan nan nan nan nan nan
0.035698284941839756 0.035698284941839756 0.20007331744205453 0.11589658124319133 nan 0.3796129100566746 0.5296327279115953 0.02726833339369852 0.28603877677367767 nan 0.5668761606094552 0.07224264483075539 0.07224264483075539 -0.14641720595691898 0.0 0.0 nan nan -0.16525367912824482
nan nan nan nan nan nan nan nan nan -0.4552157181803952 0.21291263495494292 nan nan nan nan nan nan nan nan
0.21378078923593116 0.2146035680181807 0.5893939543518739 0.11285260102003909 0.41107303707116616 nan 0.5481960866649535 -0.09982153116610225 nan nan nan -0.04045951425517941 -0.04045867968563435 0.10049277416606839 0.34954820781650137 0.3378638645041963 0.2108404527694789 0.5958581255888362 -0.13011125217624894
nan nan -0.2948618894238224 nan 0.42292054645983584 0.045507311317948856 -0.16303364938351755 nan -0.012615647859673193 -0.14317723585601141 -0.6244681494782773 nan nan nan 0.23549259672174117 0.24340056114102127 -0.437779044855159 -0.011521895537235555 nan
nan nan -0.11055631870751781 nan 0.28014649203227465 0.21036013411180818 -0.19314210467422746 nan -0.22174292722025765 -0.22150495874197165 -0.5414285146208825 nan nan nan 0.09890199260336521 0.10515685577757879 -0.40557589496276364 0.08410371970818767 nan
nan nan 0.1436941256861164 nan -0.28014649203227465 -0.21036013411180818 0.19314210467422746 nan 0.22174292722025765 0.22150495874197165 0.5414285146208825 nan nan nan -0.09890199260336521 -0.10515685577757879 0.3554771265594916 -0.08410371970818767 nan
nan nan 0.1699234258155359 nan 0.12097167578182677 nan nan nan nan nan nan nan nan nan 0.14684175155588414 0.15026857675938216 nan nan nan
nan nan 0.31824648733658245 nan -0.2449658341132748 0.3487253735706145 0.07727917815658607 -0.09901475429766743 -0.22269226850058552 0.17461099011954542 -0.5872292609002709 nan nan nan -0.17799848375425484 -0.18327534048578503 0.3691513225830064 0.05678886662777734 nan
nan nan nan nan nan 0.07285465988311284 nan nan 0.00563633393850424 -0.11759880632850843 0.15852912849203663 nan nan nan nan nan nan nan nan
-0.7035623639735145 -0.7035623639735145 -0.13593640223979717 -0.4381780460041329 -0.4005468089789876 -0.046946573204295815 0.04982706778222252 0.01 -0.09923504382184585 -0.10433500242310949 -0.2343566920806609 -0.9999499987499374 -0.9999499987499374 -0.3664501525251617 -0.2337779812518399 -0.24166959044353006 0.2504095876236669 0.06919118437971812 0.022821773229381923
-0.49492474685602966 -0.49492474685602966 -0.4053225631764918 -0.6227680145929141 -0.1462212048137815 -0.2699653320042881 -0.4346747943726047 -0.01 -0.10025055071789818 0.05849201684903711 -0.5767968924732716 -0.7035623639735145 -0.7035623639735145 -0.7332976702202213 -0.3918524996363635 -0.3875946659333391 -0.06312606150216507 -0.1604539129816109 nan
nan nan nan nan nan nan nan nan nan nan nan nan nan nan nan nan nan nan nan
1.0 1.0 0.7253477858725146 1.0 0.06754512898777464 0.7674983523301073 0.4877922739517418 1.0 0.4691518865827333 0.7385003779394785 0.8855862211015889 0.9999499987499374 0.9999499987499374 0.6719529693637424 0.6773601968185322 0.6749548931356626 0.4632732396203481 0.3145695504329561 0.28603877677367767
-0.01930008885030799 0.02448310386373556 -0.02342633431037059 0.003616585675342873 0.06758807813673239 0.27600950719820116 0.0161627045958809 0.011836599123443642 -0.1203591570319792 -0.04748902482772284 -0.2738703007080851 0.08312438455251686 0.087416664648309 0.1695632666277501 -0.2854030736465639 -0.2752810831424859 -0.23535509532238913 -0.17099354275938128 -0.061767725627446174
nan nan nan nan nan nan nan nan nan nan nan nan nan nan nan nan nan nan nan
-0.22016680358673105 -0.2243369998997719 -0.5667223914809154 -0.3429131332458328 -0.19444098774649932 -0.586520617877275 -0.4186128590887303 0.14255340189780824 -0.3312989278561247 -0.4325253620149898 -0.551471325222159 0.2118933697223547 0.2128379851718542 -0.38175071984455056 -0.4867179521840198 -0.48547797310272633 -0.3432088291710807 -0.1748696063628916 0.12489332518629916
nan nan nan nan nan nan nan nan nan nan nan nan nan nan nan nan nan nan nan
0.03675819596630779 -0.006398501390530871 0.33322747195588864 0.3131535879078471 0.18959318848541443 0.381447862931832 0.16729397270855506 0.1575633729158136 0.2952045314243363 0.32489522978057556 0.6423521050830575 0.2340661010890428 0.23426064283290907 0.3104736419349199 0.42084577351786145 0.412041289365325 0.3594116749542892 0.09580931469997993 0.15851065623706034
nan nan nan nan nan nan nan nan nan nan nan nan nan nan nan nan nan nan nan
0.022759624733297297 -0.01862151114542506 0.16960149304525007 0.27588563016786066 -0.0037643889782421687 0.4767463111853166 0.140863327110076 0.14085054584641998 0.28824065061262655 0.3573009388296782 0.6536023856476252 0.204447075579744 0.204425499190514 0.28112741586012985 0.433170542599456 0.4260307298538003 0.2664381287497056 -0.11270149179111955 0.13126452877923636
nan nan nan nan nan nan nan nan nan nan nan nan nan nan nan nan nan nan nan
nan nan 0.7064209198696536 0.9897433186107871 0.21435010934571597 0.6597503762991492 0.5575440580200026 1.0 0.1990954471911043 0.2689042768913027 0.7815825990354675 0.9974842727441166 0.9974842727441166 0.6688897146791698 0.5786252144323274 0.5736485505554085 0.5145709710940339 0.2123249041513436 0.31622776601683794
-0.01280421276686169 -0.012634463154035378 0.42321481609146877 0.31417272859522244 0.36123487838236346 0.3024276131200172 0.2020612879701919 0.12771964223906385 0.23038125398642895 0.2247535736123903 0.45142782333158465 0.17805657783887704 0.17814894521440994 0.3570469685363697 0.40933790323790775 0.4015993923826087 0.31829817435514085 0.12269996377475824 0.14463921353509293
0.0808309103780291 0.06588648830397124 0.5291362019573448 0.33484822781259593 0.18601899327560836 0.5148477519108581 0.40019297861135283 0.1942938351447002 0.3548343090051339 0.3990159886693254 0.6482564467412912 0.9974842727441166 0.9974842727441166 0.3799105243207648 0.5053485137846747 0.5019063335526313 0.3928157416068635 0.12321841097740346 0.18257418583505536
nan nan nan nan nan nan nan nan nan nan nan nan nan nan nan nan nan nan nan
-0.11126562288360474 -0.11350373932722155 0.2420367081429771 0.31964012783246526 -0.144252185454926 nan -0.24613644815790908 0.04161068087944348 nan nan 0.2868165103658372 -0.18092458706072526 -0.1812296706123479 0.1547075953877028 -0.16666079101830872 -0.15075873788138106 -0.2843341844651997 0.06677891668844367 -0.10836539399702497
nan nan nan nan nan nan nan nan nan nan nan nan nan nan nan nan nan nan nan
nan nan 0.34556358705488693 nan 0.13172809964040946 0.11372777538299944 0.05711138188986288 nan -0.20316973469220914 -0.21732493978749523 0.36262177907372073 nan nan -0.06170220267749567 0.11036611838771707 0.11751316734067295 -0.05991507733155846 0.01155166942350004 nan
-0.10174962009553892 -0.10344243914691574 0.26005561726392723 0.2997665632244057 -0.14766887929252687 -0.07444716525369435 -0.12128089480672342 0.026081478945506206 0.2759024966749729 0.2392639289081758 0.4546935225947388 -0.20582076775018057 -0.20607882090279148 0.24398151127515577 -0.19577018193937448 -0.18167599423773081 -0.2570379673436502 0.06511462063562796 -0.11714314060746718
-0.09836726787864702 -0.09950650655703357 0.2774760507388887 0.30941415526529853 -0.14078945341872143 -0.07830456179955665 -0.12976839983518781 -0.026078741450988513 0.1981897884485826 0.2108536557428284 0.4670661354544595 -0.21215614437870006 -0.21215614437870006 0.21129027682297674 -0.21480807344398414 -0.19960261356882952 -0.20503244894732386 0.10950246101660666 -0.1190059885692113
-0.01930008885030799 0.02448310386373556 -0.02342633431037059 0.003616585675342873 0.06758807813673239 0.27600950719820116 0.0161627045958809 0.011836599123443642 -0.1203591570319792 -0.04748902482772284 -0.2738703007080851 0.08312438455251686 0.087416664648309 0.1695632666277501 -0.2854030736465639 -0.2752810831424859 -0.23535509532238913 -0.17099354275938128 -0.061767725627446174
-0.18518549239326676 -0.18796923799964796 -0.4658084411210353 -0.07657173010957558 -0.3333629135185686 0.27362399345572797 -0.45718815870967294 0.10468771124923186 0.12522932270854797 0.28235207635389203 0.606827976826167 0.04335840931567864 0.04332642228859096 -0.14520734275866257 -0.20322093711399353 -0.19063821718563304 -0.17180943778098304 -0.43532944140282376 0.13014806739990317
-0.183552799514611 -0.1864218824172246 -0.35804170980468697 -0.02482101950120337 -0.23427648142140173 0.2978875705938059 -0.2819437678762042 0.1174313903400205 0.15819046022534025 0.273927991222532 0.5948869496443498 0.05607286175713396 0.05603100963931269 -0.16949049080609704 0.11317908361064481 0.1062395764040969 -0.027702203379316635 -0.34117552648305594 0.14381419703158196
1.0 1.0 0.8053356638543634 0.6665202625239757 0.6875882429485677 0.6340649842614307 0.6129714249181138 0.7035623639735145 0.457113719164609 0.4982575894479405 0.7903970990052686 0.9974842727441166 0.9974842727441166 0.24329496326951874 0.667161363187336 0.6569185760626324 0.523518200053963 0.6127331990033075 0.31622776601683794
-0.11654972494106705 -0.14216114170120545 nan nan nan -0.3249142038148027 nan nan nan nan -0.7467074158974151 nan nan nan nan nan nan nan nan
nan nan nan nan nan 0.3249142038148027 nan nan nan nan 0.7299588776069682 nan nan nan nan nan nan nan nan
nan nan nan nan nan nan nan nan nan nan nan nan nan nan nan nan nan nan nan
-0.1150965957879748 -0.1407334436402497 nan nan nan -0.3249142038148027 nan nan nan nan -0.7299588776069682 nan nan nan nan nan nan nan nan
0.03525905902319634 0.03525905902319634 0.19525656463605648 0.11065021531499039 nan 0.376814522227335 0.5181224611990889 0.026962992551997085 0.28603877677367767 nan 0.5362856077223928 0.06962159070130186 0.06962159070130186 -0.1453351496035084 0.0 0.0 nan nan -0.1539642958280121
nan nan nan nan nan nan nan nan nan -0.4552157181803951 0.21291263495494292 nan nan nan nan nan nan nan nan
0.17883903074799637 0.18158197568295778 0.49147328013424907 0.09604802841334315 0.3515356667205663 nan 0.4632622625012282 -0.08449389927846943 nan nan nan -0.03441030210970179 -0.03440289647050924 0.08410561468702601 0.2897083633793478 0.28010441593314567 0.1782007148135065 0.5006756052954612 -0.11170415038771861
nan nan -0.29345677728082725 nan 0.4229205464598358 0.04550731131794885 -0.16303364938351755 nan -0.012615647859673191 -0.14317723585601144 -0.6244681494782773 nan nan nan 0.23384633852337308 0.24169902073234648 -0.4282526862851047 -0.011154491416936268 nan
nan nan -0.10915815610078153 nan 0.28014649203227465 0.21036013411180818 -0.1931421046742275 nan -0.22174292722025762 -0.2204526816126011 -0.5414285146208824 nan nan nan 0.09825610068029694 0.10447011568251943 -0.40021816359650075 0.08203130108974324 nan
nan nan 0.14241918550838387 nan -0.28014649203227465 -0.21036013411180818 0.1931421046742275 nan 0.22174292722025762 0.2204526816126011 0.5414285146208824 nan nan nan -0.09825610068029694 -0.10447011568251943 0.3507879367019894 -0.08203130108974324 nan
nan nan 0.1699234258155359 nan 0.12097167578182677 nan nan nan nan nan nan nan nan nan 0.14684175155588414 0.15026857675938216 nan nan nan
nan nan 0.2989168533049257 nan -0.2388426024667832 0.33665662362755394 0.07531257351473414 -0.09901475429766743 -0.21279992433781814 0.16603812932543366 -0.5772064974335805 nan nan nan -0.17509504819623292 -0.18028583108519003 0.34868946539114126 0.05193356092256875 nan
nan nan nan nan nan 0.07285465988311284 nan nan 0.00563633393850424 -0.11759880632850843 0.1585291284920366 nan nan nan nan nan nan nan nan
-0.7035623639735145 -0.7035623639735145 -0.13278395591097752 -0.43817804600413285 -0.3960434863780766 -0.04673522798162193 0.049100530947933006 0.01 -0.09643747976684335 -0.10165129112491818 -0.23262908773036392 -0.9974842727441166 -0.9974842727441166 -0.3664501525251617 -0.23099239797600551 -0.23878997463962745 0.23998570930361107 0.062541200169622 0.02282177322938192
-0.4937043370147648 -0.4937043370147648 -0.3764125160746032 -0.6212323625192154 -0.14017782343251994 -0.25694029836726856 -0.4124304826389516 -0.01 -0.09420779832760272 0.05417179226570554 -0.5390036810959226 -0.7035623639735145 -0.7035623639735145 -0.717092067331938 -0.36778577658943457 -0.36458875697854537 -0.05846504834850855 -0.1445045319264226 nan
nan nan nan nan nan nan nan nan nan nan nan nan nan nan nan nan nan nan nan
1.0 1.0 0.7130590088317575 1.0 0.06729580666104917 0.7300703929827947 0.47420070662160324 1.0 0.46293245262536836 0.724749904002474 0.8367427677044927 0.9974842727441166 0.9974842727441166 0.6688897146791698 0.6633490698796897 0.66100098206221 0.45939583263171246 0.31271844469285587 0.28603877677367767
